date,value
2005-10-03,1925
2005-10-04,1878
2005-10-05,2088
2005-10-06,1672
2005-10-07,1882
2005-10-11,1929
2005-10-12,2836
2005-10-13,2255
2005-10-14,1711
2005-10-17,1794
2005-10-18,1781
2005-10-19,2104
2005-10-20,2012
2005-10-21,1447
2005-10-24,1848
2005-10-25,2349
2005-10-26,1893
2005-10-27,1760
2005-10-28,1489
2005-10-31,1541
2005-11-01,6183
2005-11-02,2190
2005-11-03,1887
2005-11-04,1696
2005-11-07,1467
2005-11-08,2083
2005-11-09,1574
2005-11-10,2214
2005-11-14,1895
2005-11-15,2377
2005-11-16,2412
2005-11-17,2045
2005-11-18,1676
2005-11-21,1604
2005-11-22,2302
2005-11-23,2405
2005-11-25,1723
2005-11-28,1754
2005-11-29,2260
2005-11-30,2904
2005-12-01,6498
2005-12-02,1594
2005-12-05,1403
2005-12-06,2042
2005-12-07,1813
2005-12-08,1776
2005-12-09,1332
2005-12-12,1125
2005-12-13,1916
2005-12-14,2057
2005-12-15,2312
2005-12-16,1687
2005-12-19,1796
2005-12-20,2127
2005-12-21,1963
2005-12-22,2277
2005-12-23,1522
2005-12-27,1496
2005-12-28,2661
2005-12-29,2548
2005-12-30,1653
2006-01-03,8596
2006-01-04,2711
2006-01-05,2164
2006-01-06,1856
2006-01-09,1660
2006-01-10,1709
2006-01-11,1982
2006-01-12,1929
2006-01-13,1743
2006-01-17,2004
2006-01-18,1943
2006-01-19,2225
2006-01-20,1594
2006-01-23,1770
2006-01-24,1972
2006-01-25,2019
2006-01-26,1841
2006-01-27,1560
2006-01-30,1490
2006-01-31,1911
2006-02-01,9521
2006-02-02,1769
2006-02-03,1552
2006-02-06,1270
2006-02-07,2276
2006-02-08,2413
2006-02-09,1619
2006-02-10,1756
2006-02-13,1130
2006-02-14,1809
2006-02-15,1591
2006-02-16,1877
2006-02-17,1546
2006-02-21,2013
2006-02-22,2811
2006-02-23,2544
2006-02-24,1733
2006-02-27,1538
2006-02-28,2211
2006-03-01,9969
2006-03-02,2117
2006-03-03,1653
2006-03-06,1318
2006-03-07,2258
2006-03-08,2062
2006-03-09,1933
2006-03-10,1643
2006-03-13,1466
2006-03-14,1815
2006-03-15,1714
2006-03-16,2339
2006-03-17,1786
2006-03-20,1554
2006-03-21,1807
2006-03-22,2152
2006-03-23,2180
2006-03-24,1514
2006-03-27,1491
2006-03-28,2036
2006-03-29,2150
2006-03-30,1687
2006-03-31,9287
2006-04-03,1607
2006-04-04,1720
2006-04-05,1878
2006-04-06,1898
2006-04-07,1841
2006-04-10,1518
2006-04-11,2286
2006-04-12,1757
2006-04-13,1827
2006-04-14,1661
2006-04-17,1391
2006-04-18,2031
2006-04-19,1929
2006-04-20,2218
2006-04-21,1591
2006-04-24,1509
2006-04-25,2171
2006-04-26,1819
2006-04-27,1881
2006-04-28,1868
2006-05-01,9949
2006-05-02,1906
2006-05-03,2176
2006-05-04,2150
2006-05-05,1894
2006-05-08,1298
2006-05-09,2557
2006-05-10,1925
2006-05-11,1736
2006-05-12,1738
2006-05-15,1519
2006-05-16,1994
2006-05-17,2236
2006-05-18,2260
2006-05-19,1619
2006-05-22,1509
2006-05-23,2303
2006-05-24,1870
2006-05-25,1808
2006-05-26,1690
2006-05-30,1648
2006-05-31,2646
2006-06-01,11554
2006-06-02,1753
2006-06-05,1403
2006-06-06,2130
2006-06-07,2409
2006-06-08,1874
2006-06-09,1432
2006-06-12,1587
2006-06-13,1439
2006-06-14,2084
2006-06-15,3280
2006-06-16,1961
2006-06-19,1513
2006-06-20,2060
2006-06-21,1959
2006-06-22,2459
2006-06-23,1467
2006-06-26,1465
2006-06-27,1892
2006-06-28,2018
2006-06-29,1983
2006-06-30,10741
2006-07-03,1837
2006-07-05,2256
2006-07-06,2463
2006-07-07,1788
2006-07-10,1564
2006-07-11,2153
2006-07-12,2174
2006-07-13,2140
2006-07-14,1717
2006-07-17,1466
2006-07-18,2016
2006-07-19,1328
2006-07-20,1795
2006-07-21,1746
2006-07-24,1560
2006-07-25,2102
2006-07-26,2047
2006-07-27,2114
2006-07-28,1651
2006-07-31,1661
2006-08-01,11865
2006-08-02,2064
2006-08-03,2028
2006-08-04,1933
2006-08-07,1477
2006-08-08,2039
2006-08-09,2092
2006-08-10,2383
2006-08-11,2020
2006-08-14,1549
2006-08-15,1903
2006-08-16,1751
2006-08-17,1951
2006-08-18,1608
2006-08-21,1639
2006-08-22,1923
2006-08-23,2348
2006-08-24,2466
2006-08-25,1566
2006-08-28,1337
2006-08-29,2196
2006-08-30,1562
2006-08-31,2005
2006-09-01,10821
2006-09-05,1755
2006-09-06,2265
2006-09-07,2680
2006-09-08,1853
2006-09-11,1166
2006-09-12,2176
2006-09-13,1756
2006-09-14,1990
2006-09-15,1544
2006-09-18,1547
2006-09-19,1640
2006-09-20,2151
2006-09-21,2174
2006-09-22,1683
2006-09-25,1068
2006-09-26,982
2006-09-27,810
2006-09-28,1421
2006-09-29,1014
2006-10-02,9836
2006-10-03,4851
2006-10-04,4048
2006-10-05,2005
2006-10-06,1952
2006-10-10,1569
2006-10-11,3215
2006-10-12,2436
2006-10-13,1683
2006-10-16,1832
2006-10-17,1612
2006-10-18,2421
2006-10-19,2103
2006-10-20,1884
2006-10-23,1522
2006-10-24,1971
2006-10-25,1881
2006-10-26,1903
2006-10-27,1397
2006-10-30,1538
2006-10-31,1971
2006-11-01,11341
2006-11-02,2264
2006-11-03,1842
2006-11-06,1380
2006-11-07,2393
2006-11-08,1912
2006-11-09,1758
2006-11-10,1780
2006-11-13,1220
2006-11-14,2050
2006-11-15,2320
2006-11-16,2519
2006-11-17,1873
2006-11-20,1388
2006-11-21,2228
2006-11-22,2454
2006-11-24,1590
2006-11-27,1493
2006-11-28,2358
2006-11-29,2471
2006-11-30,2346
2006-12-01,11503
2006-12-04,1595
2006-12-05,2109
2006-12-06,1822
2006-12-07,1939
2006-12-08,1181
2006-12-11,1244
2006-12-12,1988
2006-12-13,2059
2006-12-14,2276
2006-12-15,1951
2006-12-18,1599
2006-12-19,2002
2006-12-20,1812
2006-12-21,2066
2006-12-22,2144
2006-12-26,1687
2006-12-27,2712
2006-12-28,2989
2006-12-29,1976
2007-01-02,10706
2007-01-03,2442
2007-01-04,2564
2007-01-05,2028
2007-01-08,1682
2007-01-09,1516
2007-01-10,2288
2007-01-11,2087
2007-01-12,1919
2007-01-16,1398
2007-01-17,2042
2007-01-18,2680
2007-01-19,1794
2007-01-22,1509
2007-01-23,2109
2007-01-24,2012
2007-01-25,2622
2007-01-26,1676
2007-01-29,1378
2007-01-30,2278
2007-01-31,1589
2007-02-01,12159
2007-02-02,1372
2007-02-05,1485
2007-02-06,1973
2007-02-07,2478
2007-02-08,2186
2007-02-09,1780
2007-02-12,1378
2007-02-13,2175
2007-02-14,2322
2007-02-15,2252
2007-02-16,1773
2007-02-20,2273
2007-02-21,2706
2007-02-22,3045
2007-02-23,1711
2007-02-26,1489
2007-02-27,2124
2007-02-28,2205
2007-03-01,12033
2007-03-02,1675
2007-03-05,1363
2007-03-06,1780
2007-03-07,2304
2007-03-08,2373
2007-03-09,1727
2007-03-12,1609
2007-03-13,2124
2007-03-14,1808
2007-03-15,2096
2007-03-16,1578
2007-03-19,1829
2007-03-20,1905
2007-03-21,2164
2007-03-22,2079
2007-03-23,1712
2007-03-26,1671
2007-03-27,2363
2007-03-28,2537
2007-03-29,2345
2007-03-30,11317
2007-04-02,1410
2007-04-03,2234
2007-04-04,2030
2007-04-05,2389
2007-04-06,1925
2007-04-09,1127
2007-04-10,2321
2007-04-11,2082
2007-04-12,2198
2007-04-13,1508
2007-04-16,1937
2007-04-17,2016
2007-04-18,2356
2007-04-19,2134
2007-04-20,1819
2007-04-23,1425
2007-04-24,2306
2007-04-25,1945
2007-04-26,2402
2007-04-27,1583
2007-04-30,1571
2007-05-01,12046
2007-05-02,2102
2007-05-03,2417
2007-05-04,1660
2007-05-07,1715
2007-05-08,2305
2007-05-09,1818
2007-05-10,2082
2007-05-11,1919
2007-05-14,1456
2007-05-15,1983
2007-05-16,2268
2007-05-17,2620
2007-05-18,2149
2007-05-21,1479
2007-05-22,2131
2007-05-23,2072
2007-05-24,2212
2007-05-25,1732
2007-05-29,1628
2007-05-30,3286
2007-05-31,2362
2007-06-01,11858
2007-06-04,1362
2007-06-05,2083
2007-06-06,1714
2007-06-07,1978
2007-06-08,1478
2007-06-11,1256
2007-06-12,1609
2007-06-13,2027
2007-06-14,2142
2007-06-15,1829
2007-06-18,1471
2007-06-19,2209
2007-06-20,1760
2007-06-21,2376
2007-06-22,1800
2007-06-25,1491
2007-06-26,2014
2007-06-27,2864
2007-06-28,2020
2007-06-29,14107
2007-07-02,1647
2007-07-03,2351
2007-07-05,2456
2007-07-06,1962
2007-07-09,1738
2007-07-10,2159
2007-07-11,2470
2007-07-12,2097
2007-07-13,1704
2007-07-16,1546
2007-07-17,2075
2007-07-18,1848
2007-07-19,1980
2007-07-20,1565
2007-07-23,1413
2007-07-24,2273
2007-07-25,2122
2007-07-26,2154
2007-07-27,1618
2007-07-30,1469
2007-07-31,2338
2007-08-01,13428
2007-08-02,1849
2007-08-03,1791
2007-08-06,1283
2007-08-07,2468
2007-08-08,1958
2007-08-09,2821
2007-08-10,1632
2007-08-13,1370
2007-08-14,1966
2007-08-15,1731
2007-08-16,2344
2007-08-17,1588
2007-08-20,1390
2007-08-21,2199
2007-08-22,2015
2007-08-23,1958
2007-08-24,1583
2007-08-27,1395
2007-08-28,3313
2007-08-29,1558
2007-08-30,2233
2007-08-31,11961
2007-09-04,1897
2007-09-05,2325
2007-09-06,2354
2007-09-07,2147
2007-09-10,1619
2007-09-11,2200
2007-09-12,1893
2007-09-13,1870
2007-09-14,1551
2007-09-17,1427
2007-09-18,1970
2007-09-19,1900
2007-09-20,2273
2007-09-21,1574
2007-09-24,1777
2007-09-25,2507
2007-09-26,2239
2007-09-27,2143
2007-09-28,1814
2007-10-01,12468
2007-10-02,2114
2007-10-03,2136
2007-10-04,2226
2007-10-05,1990
2007-10-09,1579
2007-10-10,3943
2007-10-11,1932
2007-10-12,2051
2007-10-15,1521
2007-10-16,2065
2007-10-17,2324
2007-10-18,2538
2007-10-19,1667
2007-10-22,1328
2007-10-23,2132
2007-10-24,1870
2007-10-25,2106
2007-10-26,1468
2007-10-29,1417
2007-10-30,1996
2007-10-31,2126
2007-11-01,9351
2007-11-02,1615
2007-11-05,1438
2007-11-06,2341
2007-11-07,1946
2007-11-08,2132
2007-11-09,1516
2007-11-13,1863
2007-11-14,2850
2007-11-15,2975
2007-11-16,2472
2007-11-19,2232
2007-11-20,2347
2007-11-21,2191
2007-11-23,1988
2007-11-26,1872
2007-11-27,2308
2007-11-28,2851
2007-11-29,2328
2007-11-30,11049
2007-12-03,1902
2007-12-04,1937
2007-12-05,1828
2007-12-06,1805
2007-12-07,1572
2007-12-10,1212
2007-12-11,1877
2007-12-12,2422
2007-12-13,2390
2007-12-14,1914
2007-12-17,1448
2007-12-18,2263
2007-12-19,2317
2007-12-20,2058
2007-12-21,2452
2007-12-24,1671
2007-12-26,1483
2007-12-27,3433
2007-12-28,2511
2007-12-31,1673
2008-01-02,12937
2008-01-03,3311
2008-01-04,2324
2008-01-07,1341
2008-01-08,2072
2008-01-09,1657
2008-01-10,2123
2008-01-11,1739
2008-01-14,1482
2008-01-15,1588
2008-01-16,1597
2008-01-17,1699
2008-01-18,2012
2008-01-22,1594
2008-01-23,2743
2008-01-24,2855
2008-01-25,1866
2008-01-28,1530
2008-01-29,2152
2008-01-30,1579
2008-01-31,1980
2008-02-01,13169
2008-02-04,1214
2008-02-05,1988
2008-02-06,1910
2008-02-07,2387
2008-02-08,2012
2008-02-11,1582
2008-02-12,2197
2008-02-13,2115
2008-02-14,2166
2008-02-15,2491
2008-02-19,1966
2008-02-20,2792
2008-02-21,2631
2008-02-22,1970
2008-02-25,1838
2008-02-26,2061
2008-02-27,1975
2008-02-28,2389
2008-02-29,13145
2008-03-03,1976
2008-03-04,1469
2008-03-05,2214
2008-03-06,2442
2008-03-07,1941
2008-03-10,1597
2008-03-11,2226
2008-03-12,2000
2008-03-13,1940
2008-03-14,1602
2008-03-17,1944
2008-03-18,1695
2008-03-19,2255
2008-03-20,2527
2008-03-21,1858
2008-03-24,1978
2008-03-25,2068
2008-03-26,1953
2008-03-27,2368
2008-03-28,1967
2008-03-31,1587
2008-04-01,13210
2008-04-02,2578
2008-04-03,2861
2008-04-04,2541
2008-04-07,1760
2008-04-08,2060
2008-04-09,1814
2008-04-10,1941
2008-04-11,2039
2008-04-14,1863
2008-04-15,1645
2008-04-16,2467
2008-04-17,2798
2008-04-18,2001
2008-04-21,1781
2008-04-22,2043
2008-04-23,2062
2008-04-24,2423
2008-04-25,1977
2008-04-28,1697
2008-04-29,1570
2008-04-30,2810
2008-05-01,13864
2008-05-02,1958
2008-05-05,1605
2008-05-06,1985
2008-05-07,2409
2008-05-08,2309
2008-05-09,1797
2008-05-12,1676
2008-05-13,1694
2008-05-14,2323
2008-05-15,2132
2008-05-16,2173
2008-05-19,2169
2008-05-20,1845
2008-05-21,2163
2008-05-22,2114
2008-05-23,2216
2008-05-27,2315
2008-05-28,3089
2008-05-29,2902
2008-05-30,13832
2008-06-02,1893
2008-06-03,1740
2008-06-04,1545
2008-06-05,2238
2008-06-06,2137
2008-06-09,1541
2008-06-10,1577
2008-06-11,1716
2008-06-12,2144
2008-06-13,1870
2008-06-16,1830
2008-06-17,1611
2008-06-18,1928
2008-06-19,2448
2008-06-20,1830
2008-06-23,1680
2008-06-24,1958
2008-06-25,2430
2008-06-26,2750
2008-06-27,1790
2008-06-30,1694
2008-07-01,15840
2008-07-02,2245
2008-07-03,2374
2008-07-07,1793
2008-07-08,2260
2008-07-09,2360
2008-07-10,2576
2008-07-11,2262
2008-07-14,2061
2008-07-15,1943
2008-07-16,1853
2008-07-17,2182
2008-07-18,2075
2008-07-21,1208
2008-07-22,1881
2008-07-23,2273
2008-07-24,2413
2008-07-25,1585
2008-07-28,1480
2008-07-29,2005
2008-07-30,1979
2008-07-31,2016
2008-08-01,15227
2008-08-04,1424
2008-08-05,2049
2008-08-06,2122
2008-08-07,2459
2008-08-08,2270
2008-08-11,1576
2008-08-12,2202
2008-08-13,2047
2008-08-14,1852
2008-08-15,2016
2008-08-18,2286
2008-08-19,1578
2008-08-20,2052
2008-08-21,1918
2008-08-22,2128
2008-08-25,1728
2008-08-26,2199
2008-08-27,2173
2008-08-28,2132
2008-08-29,13520
2008-09-02,1788
2008-09-03,1993
2008-09-04,2620
2008-09-05,2291
2008-09-08,1782
2008-09-09,2205
2008-09-10,2103
2008-09-11,1838
2008-09-12,1896
2008-09-15,1700
2008-09-16,1207
2008-09-17,1766
2008-09-18,2262
2008-09-19,2052
2008-09-22,1679
2008-09-23,3090
2008-09-24,2104
2008-09-25,2921
2008-09-26,2038
2008-09-29,1826
2008-09-30,1688
2008-10-01,13908
2008-10-02,2757
2008-10-03,1819
2008-10-06,1891
2008-10-07,2234
2008-10-08,1743
2008-10-09,2537
2008-10-10,2086
2008-10-14,2237
2008-10-15,2819
2008-10-16,2625
2008-10-17,2384
2008-10-20,1889
2008-10-21,1910
2008-10-22,1893
2008-10-23,2270
2008-10-24,1815
2008-10-27,1825
2008-10-28,1872
2008-10-29,2495
2008-10-30,2762
2008-10-31,13335
2008-11-03,1883
2008-11-04,1799
2008-11-05,1903
2008-11-06,2088
2008-11-07,1970
2008-11-10,1893
2008-11-12,2705
2008-11-13,3973
2008-11-14,2160
2008-11-17,2133
2008-11-18,2340
2008-11-19,1933
2008-11-20,2226
2008-11-21,2389
2008-11-24,1987
2008-11-25,1862
2008-11-26,2964
2008-11-28,2624
2008-12-01,13752
2008-12-02,2328
2008-12-03,2175
2008-12-04,2456
2008-12-05,2297
2008-12-08,1542
2008-12-09,1898
2008-12-10,2665
2008-12-11,2141
2008-12-12,2101
2008-12-15,1143
2008-12-16,1998
2008-12-17,1839
2008-12-18,2542
2008-12-19,2823
2008-12-22,1766
2008-12-23,2142
2008-12-24,2571
2008-12-26,2603
2008-12-29,1899
2008-12-30,2466
2008-12-31,2008
2009-01-02,15725
2009-01-05,2213
2009-01-06,2362
2009-01-07,1977
2009-01-08,2383
2009-01-09,1965
2009-01-12,1482
2009-01-13,1983
2009-01-14,1795
2009-01-15,2065
2009-01-16,2107
2009-01-20,1731
2009-01-21,2202
2009-01-22,3248
2009-01-23,1967
2009-01-26,2081
2009-01-27,2064
2009-01-28,1794
2009-01-29,2510
2009-01-30,15009
2009-02-02,1711
2009-02-03,1954
2009-02-04,2108
2009-02-05,2656
2009-02-06,1825
2009-02-09,1793
2009-02-10,1975
2009-02-11,2669
2009-02-12,1974
2009-02-13,2726
2009-02-17,1797
2009-02-18,2952
2009-02-19,2860
2009-02-20,2335
2009-02-23,1871
2009-02-24,2628
2009-02-25,2532
2009-02-26,3852
2009-02-27,15368
2009-03-02,2758
2009-03-03,2016
2009-03-04,2470
2009-03-05,2797
2009-03-06,2402
2009-03-09,1814
2009-03-10,2504
2009-03-11,3475
2009-03-12,3664
2009-03-13,1990
2009-03-16,1750
2009-03-17,1951
2009-03-18,2510
2009-03-19,2400
2009-03-20,2804
2009-03-23,1999
2009-03-24,3057
2009-03-25,2626
2009-03-26,3100
2009-03-27,1886
2009-03-30,2549
2009-03-31,1899
2009-04-01,16876
2009-04-02,3192
2009-04-03,1965
2009-04-06,1809
2009-04-07,2718
2009-04-08,2156
2009-04-09,2823
2009-04-10,2703
2009-04-13,1982
2009-04-14,1926
2009-04-15,2434
2009-04-16,3040
2009-04-17,2525
2009-04-20,1846
2009-04-21,2022
2009-04-22,2301
2009-04-23,3137
2009-04-24,2566
2009-04-27,2097
2009-04-28,2239
2009-04-29,2542
2009-04-30,3025
2009-05-01,15101
2009-05-04,2231
2009-05-05,3200
2009-05-06,2159
2009-05-07,2596
2009-05-08,1937
2009-05-11,1922
2009-05-12,2008
2009-05-13,2578
2009-05-14,2804
2009-05-15,2175
2009-05-18,2430
2009-05-19,1857
2009-05-20,2535
2009-05-21,2660
2009-05-22,2663
2009-05-26,2555
2009-05-27,3025
2009-05-28,4201
2009-05-29,2349
2009-06-01,14868
2009-06-02,2061
2009-06-03,2167
2009-06-04,2347
2009-06-05,2235
2009-06-08,1460
2009-06-09,2196
2009-06-10,2790
2009-06-11,2660
2009-06-12,1935
2009-06-15,2121
2009-06-16,1921
2009-06-17,2168
2009-06-18,3327
2009-06-19,2341
2009-06-22,2071
2009-06-23,2331
2009-06-24,2452
2009-06-25,3127
2009-06-26,2003
2009-06-29,2437
2009-06-30,2142
2009-07-01,18464
2009-07-02,2640
2009-07-03,1632
2009-07-06,1488
2009-07-07,2208
2009-07-08,2829
2009-07-09,2469
2009-07-10,1879
2009-07-13,1888
2009-07-14,2731
2009-07-15,2030
2009-07-16,2782
2009-07-17,1819
2009-07-20,1231
2009-07-21,2178
2009-07-22,2805
2009-07-23,2891
2009-07-24,2260
2009-07-27,1875
2009-07-28,2868
2009-07-29,2156
2009-07-30,3217
2009-07-31,17701
2009-08-03,1693
2009-08-04,1936
2009-08-05,2349
2009-08-06,2627
2009-08-07,2098
2009-08-10,1745
2009-08-11,2983
2009-08-12,2669
2009-08-13,2509
2009-08-14,2125
2009-08-17,1764
2009-08-18,2264
2009-08-19,2145
2009-08-20,2806
2009-08-21,2700
2009-08-24,1927
2009-08-25,2444
2009-08-26,2094
2009-08-27,2851
2009-08-28,2008
2009-08-31,1766
2009-09-01,15436
2009-09-02,2434
2009-09-03,2880
2009-09-04,2591
2009-09-08,2713
2009-09-09,2441
2009-09-10,3317
2009-09-11,2586
2009-09-14,1453
2009-09-15,1965
2009-09-16,2388
2009-09-17,2540
2009-09-18,2503
2009-09-21,1549
2009-09-22,1421
2009-09-23,2368
2009-09-24,2897
2009-09-25,2083
2009-09-28,2662
2009-09-29,1977
2009-09-30,2123
2009-10-01,15659
2009-10-02,1760
2009-10-05,1161
2009-10-06,1774
2009-10-07,1586
2009-10-08,1310
2009-10-09,1691
2009-10-13,1869
2009-10-14,2925
2009-10-15,2984
2009-10-16,2092
2009-10-19,1835
2009-10-20,2227
2009-10-21,2226
2009-10-22,2718
2009-10-23,2198
2009-10-26,1620
2009-10-27,2154
2009-10-28,3049
2009-10-29,3454
2009-10-30,18044
2009-11-02,1880
2009-11-03,2391
2009-11-04,2055
2009-11-05,2653
2009-11-06,2496
2009-11-09,1865
2009-11-10,2789
2009-11-12,3695
2009-11-13,2796
2009-11-16,2358
2009-11-17,2614
2009-11-18,2491
2009-11-19,2964
2009-11-20,2857
2009-11-23,2081
2009-11-24,2224
2009-11-25,2819
2009-11-27,3122
2009-11-30,1880
2009-12-01,16442
2009-12-02,2501
2009-12-03,2291
2009-12-04,1930
2009-12-07,2382
2009-12-08,2320
2009-12-09,2548
2009-12-10,2671
2009-12-11,2344
2009-12-14,1461
2009-12-15,2265
2009-12-16,2360
2009-12-17,2441
2009-12-18,2378
2009-12-21,1691
2009-12-22,2623
2009-12-23,2979
2009-12-24,2407
2009-12-28,2282
2009-12-29,3365
2009-12-30,2116
2009-12-31,2698
2010-01-04,15480
2010-01-05,2788
2010-01-06,2634
2010-01-07,2427
2010-01-08,1848
2010-01-11,1348
2010-01-12,2938
2010-01-13,2794
2010-01-14,3003
2010-01-15,2619
2010-01-19,1378
2010-01-20,2691
2010-01-21,3106
2010-01-22,2493
2010-01-25,1843
2010-01-26,2325
2010-01-27,1898
2010-01-28,3062
2010-01-29,2251
2010-02-01,15579
2010-02-02,1873
2010-02-03,2610
2010-02-04,2261
2010-02-05,2667
2010-02-08,1656
2010-02-09,2579
2010-02-10,2091
2010-02-11,2965
2010-02-12,3190
2010-02-16,2247
2010-02-17,2817
2010-02-18,3405
2010-02-19,2734
2010-02-22,1894
2010-02-23,2048
2010-02-24,2519
2010-02-25,3151
2010-02-26,1833
2010-03-01,15321
2010-03-02,1914
2010-03-03,2726
2010-03-04,2730
2010-03-05,2311
2010-03-08,1963
2010-03-09,2841
2010-03-10,2469
2010-03-11,2778
2010-03-12,2175
2010-03-15,1876
2010-03-16,1981
2010-03-17,2718
2010-03-18,2972
2010-03-19,2466
2010-03-22,1746
2010-03-23,2485
2010-03-24,2571
2010-03-25,2842
2010-03-26,2032
2010-03-29,1814
2010-03-30,1938
2010-03-31,2369
2010-04-01,16056
2010-04-02,2283
2010-04-05,1725
2010-04-06,3222
2010-04-07,2365
2010-04-08,2937
2010-04-09,2341
2010-04-12,1459
2010-04-13,2320
2010-04-14,2974
2010-04-15,2716
2010-04-16,2307
2010-04-19,2229
2010-04-20,2493
2010-04-21,2110
2010-04-22,2319
2010-04-23,2204
2010-04-26,1741
2010-04-27,2543
2010-04-28,2458
2010-04-29,3244
2010-04-30,15532
2010-05-03,1872
2010-05-04,2480
2010-05-05,1774
2010-05-06,2709
2010-05-07,2603
2010-05-10,2065
2010-05-11,2776
2010-05-12,2791
2010-05-13,2809
2010-05-14,2238
2010-05-17,1744
2010-05-18,3105
2010-05-19,2680
2010-05-20,2674
2010-05-21,2717
2010-05-24,1992
2010-05-25,2639
2010-05-26,2819
2010-05-27,3378
2010-05-28,2597
2010-06-01,15818
2010-06-02,2590
2010-06-03,2882
2010-06-04,2415
2010-06-07,1927
2010-06-08,2712
2010-06-09,2488
2010-06-10,2872
2010-06-11,2186
2010-06-14,1915
2010-06-15,2051
2010-06-16,2055
2010-06-17,3514
2010-06-18,2630
2010-06-21,1909
2010-06-22,2504
2010-06-23,2520
2010-06-24,3058
2010-06-25,1995
2010-06-28,1479
2010-06-29,2312
2010-06-30,1715
2010-07-01,18563
2010-07-02,2566
2010-07-06,2100
2010-07-07,3125
2010-07-08,3488
2010-07-09,2515
2010-07-12,2472
2010-07-13,2143
2010-07-14,2058
2010-07-15,3603
2010-07-16,2991
2010-07-19,1709
2010-07-20,2090
2010-07-21,2730
2010-07-22,2978
2010-07-23,2817
2010-07-26,1965
2010-07-27,2723
2010-07-28,2030
2010-07-29,3063
2010-07-30,18888
2010-08-02,1796
2010-08-03,2412
2010-08-04,2292
2010-08-05,2860
2010-08-06,2642
2010-08-09,1884
2010-08-10,2626
2010-08-11,2102
2010-08-12,3097
2010-08-13,2542
2010-08-16,1737
2010-08-17,2298
2010-08-18,2425
2010-08-19,3304
2010-08-20,2542
2010-08-23,2041
2010-08-24,2637
2010-08-25,2203
2010-08-26,3225
2010-08-27,1873
2010-08-30,1731
2010-08-31,2183
2010-09-01,16126
2010-09-02,2622
2010-09-03,2452
2010-09-07,1694
2010-09-08,4109
2010-09-09,3091
2010-09-10,2504
2010-09-13,2059
2010-09-14,1986
2010-09-15,2815
2010-09-16,3346
2010-09-17,2103
2010-09-20,1775
2010-09-21,1877
2010-09-22,2379
2010-09-23,3027
2010-09-24,2291
2010-09-27,1968
2010-09-28,2049
2010-09-29,2259
2010-09-30,3495
2010-10-01,16215
2010-10-04,2081
2010-10-05,2880
2010-10-06,1924
2010-10-07,2969
2010-10-08,2238
2010-10-12,2168
2010-10-13,3444
2010-10-14,3534
2010-10-15,2885
2010-10-18,2422
2010-10-19,2500
2010-10-20,2150
2010-10-21,3223
2010-10-22,2555
2010-10-25,2039
2010-10-26,2425
2010-10-27,2905
2010-10-28,3416
2010-10-29,1965
2010-11-01,15191
2010-11-02,2168
2010-11-03,2308
2010-11-04,2986
2010-11-05,2949
2010-11-08,1676
2010-11-09,2533
2010-11-10,3102
2010-11-12,4601
2010-11-15,2184
2010-11-16,2717
2010-11-17,2641
2010-11-18,3314
2010-11-19,2621
2010-11-22,2310
2010-11-23,2546
2010-11-24,2601
2010-11-26,3160
2010-11-29,2061
2010-11-30,3757
2010-12-01,16195
2010-12-02,4087
2010-12-03,2223
2010-12-06,1779
2010-12-07,2887
2010-12-08,2717
2010-12-09,2538
2010-12-10,1654
2010-12-13,1523
2010-12-14,2665
2010-12-15,2500
2010-12-16,3342
2010-12-17,2437
2010-12-20,2258
2010-12-21,2722
2010-12-22,3036
2010-12-23,3326
2010-12-24,903
2010-12-27,1410
2010-12-28,2725
2010-12-29,3233
2010-12-30,4521
2010-12-31,1569
2011-01-03,15648
2011-01-04,3964
2011-01-05,2434
2011-01-06,2458
2011-01-07,1935
2011-01-10,1917
2011-01-11,1849
2011-01-12,2187
2011-01-13,2951
2011-01-14,1794
2011-01-18,1492
2011-01-19,1860
2011-01-20,2561
2011-01-21,2009
2011-01-24,1480
2011-01-25,2351
2011-01-26,2014
2011-01-27,3019
2011-01-28,1606
2011-01-31,1521
2011-02-01,17353
2011-02-02,2232
2011-02-03,3053
2011-02-04,1923
2011-02-07,2176
2011-02-08,3072
2011-02-09,2611
2011-02-10,2804
2011-02-11,2863
2011-02-14,1802
2011-02-15,1893
2011-02-16,2380
2011-02-17,2860
2011-02-18,2662
2011-02-22,2880
2011-02-23,2624
2011-02-24,3995
2011-02-25,2250
2011-02-28,1764
2011-03-01,16923
2011-03-02,2472
2011-03-03,3019
2011-03-04,1680
2011-03-07,2184
2011-03-08,2328
2011-03-09,2187
2011-03-10,3059
2011-03-11,2317
2011-03-14,1513
2011-03-15,2236
2011-03-16,2500
2011-03-17,3392
2011-03-18,2216
2011-03-21,2039
2011-03-22,3283
2011-03-23,2275
2011-03-24,2972
2011-03-25,2059
2011-03-28,1880
2011-03-29,2837
2011-03-30,2356
2011-03-31,2277
2011-04-01,16612
2011-04-04,3109
2011-04-05,3089
2011-04-06,1769
2011-04-07,2840
2011-04-08,2074
2011-04-11,2227
2011-04-12,2004
2011-04-13,2468
2011-04-14,2426
2011-04-15,2374
2011-04-18,1960
2011-04-19,2315
2011-04-20,2339
2011-04-21,3289
2011-04-22,2125
2011-04-25,2274
2011-04-26,2271
2011-04-27,2926
2011-04-28,3468
2011-04-29,16460
2011-05-02,1785
2011-05-03,2696
2011-05-04,2000
2011-05-05,2703
2011-05-06,1727
2011-05-09,2199
2011-05-10,2325
2011-05-11,2754
2011-05-12,3129
2011-05-13,1977
2011-05-16,1828
2011-05-17,2108
2011-05-18,2319
2011-05-19,3177
2011-05-20,3123
2011-05-23,1992
2011-05-24,2347
2011-05-25,2750
2011-05-26,3813
2011-05-27,2310
2011-05-31,2030
2011-06-01,17430
2011-06-02,2654
2011-06-03,2032
2011-06-06,2359
2011-06-07,2808
2011-06-08,2238
2011-06-09,2925
2011-06-10,1974
2011-06-13,2042
2011-06-14,1984
2011-06-15,1936
2011-06-16,3243
2011-06-17,2848
2011-06-20,2312
2011-06-21,2787
2011-06-22,2704
2011-06-23,4804
2011-06-24,2183
2011-06-27,1887
2011-06-28,3823
2011-06-29,2100
2011-06-30,3206
2011-07-01,20731
2011-07-05,2267
2011-07-06,2263
2011-07-07,3876
2011-07-08,2251
2011-07-11,1709
2011-07-12,2767
2011-07-13,1727
2011-07-14,3249
2011-07-15,1979
2011-07-18,1565
2011-07-19,1680
2011-07-20,2299
2011-07-21,2849
2011-07-22,2353
2011-07-25,1957
2011-07-26,2867
2011-07-27,1942
2011-07-28,2715
2011-07-29,1986
2011-08-01,19778
2011-08-02,1619
2011-08-03,2339
2011-08-04,3188
2011-08-05,1911
2011-08-08,1990
2011-08-09,2540
2011-08-10,1898
2011-08-11,3060
2011-08-12,2223
2011-08-15,1678
2011-08-16,2029
2011-08-17,2528
2011-08-18,2624
2011-08-19,2671
2011-08-22,1975
2011-08-23,2523
2011-08-24,2163
2011-08-25,3000
2011-08-26,1958
2011-08-29,2002
2011-08-30,1973
2011-08-31,2023
2011-09-01,18284
2011-09-02,2060
2011-09-06,2114
2011-09-07,2947
2011-09-08,3113
2011-09-09,2291
2011-09-12,1996
2011-09-13,1808
2011-09-14,2148
2011-09-15,2668
2011-09-16,2210
2011-09-19,1431
2011-09-20,1952
2011-09-21,2103
2011-09-22,2869
2011-09-23,2910
2011-09-26,2045
2011-09-27,2412
2011-09-28,2669
2011-09-29,2753
2011-09-30,17249
2011-10-03,1545
2011-10-04,2287
2011-10-05,1726
2011-10-06,2185
2011-10-07,2845
2011-10-11,3139
2011-10-12,3070
2011-10-13,3957
2011-10-14,2683
2011-10-17,1908
2011-10-18,2399
2011-10-19,1965
2011-10-20,2422
2011-10-21,2545
2011-10-24,1912
2011-10-25,2914
2011-10-26,2344
2011-10-27,2891
2011-10-28,1969
2011-10-31,1614
2011-11-01,17609
2011-11-02,2217
2011-11-03,2688
2011-11-04,2093
2011-11-07,2424
2011-11-08,2454
2011-11-09,2393
2011-11-10,3476
2011-11-14,2537
2011-11-15,2372
2011-11-16,2947
2011-11-17,3092
2011-11-18,2515
2011-11-21,2025
2011-11-22,2230
2011-11-23,2716
2011-11-25,2121
2011-11-28,2350
2011-11-29,3372
2011-11-30,2734
2011-12-01,17769
2011-12-02,1808
2011-12-05,2158
2011-12-06,2517
2011-12-07,2582
2011-12-08,2360
2011-12-09,1440
2011-12-12,1387
2011-12-13,2348
2011-12-14,2118
2011-12-15,2858
2011-12-16,1996
2011-12-19,1801
2011-12-20,2476
2011-12-21,3031
2011-12-22,2882
2011-12-23,1944
2011-12-27,2333
2011-12-28,3914
2011-12-29,2955
2011-12-30,2060
2012-01-03,16861
2012-01-04,2558
2012-01-05,2886
2012-01-06,1995
2012-01-09,1917
2012-01-10,2395
2012-01-11,2030
2012-01-12,2458
2012-01-13,2276
2012-01-17,1342
2012-01-18,2290
2012-01-19,2938
2012-01-20,2407
2012-01-23,1727
2012-01-24,2291
2012-01-25,2046
2012-01-26,3014
2012-01-27,1771
2012-01-30,1742
2012-01-31,2084
2012-02-01,17597
2012-02-02,2671
2012-02-03,2043
2012-02-06,1837
2012-02-07,2968
2012-02-08,1842
2012-02-09,2703
2012-02-10,2636
2012-02-13,1560
2012-02-14,1876
2012-02-15,2124
2012-02-16,3150
2012-02-17,3045
2012-02-21,2565
2012-02-22,3239
2012-02-23,3294
2012-02-24,2752
2012-02-27,2056
2012-02-28,2477
2012-02-29,2314
2012-03-01,19011
2012-03-02,1750
2012-03-05,2063
2012-03-06,2719
2012-03-07,2110
2012-03-08,2606
2012-03-09,2140
2012-03-12,2191
2012-03-13,2562
2012-03-14,2276
2012-03-15,3120
2012-03-16,2444
2012-03-19,1784
2012-03-20,3517
2012-03-21,2025
2012-03-22,3035
2012-03-23,2423
2012-03-26,1938
2012-03-27,2033
2012-03-28,2927
2012-03-29,2779
2012-03-30,16111
2012-04-02,1889
2012-04-03,2701
2012-04-04,2057
2012-04-05,2386
2012-04-06,2453
2012-04-09,1678
2012-04-10,2649
2012-04-11,3105
2012-04-12,2696
2012-04-13,2725
2012-04-16,1754
2012-04-17,2539
2012-04-18,2142
2012-04-19,3397
2012-04-20,2284
2012-04-23,2104
2012-04-24,2874
2012-04-25,2625
2012-04-26,3298
2012-04-27,2005
2012-04-30,1767
2012-05-01,18383
2012-05-02,1806
2012-05-03,3005
2012-05-04,1923
2012-05-07,2410
2012-05-08,2563
2012-05-09,2315
2012-05-10,2670
2012-05-11,3013
2012-05-14,1675
2012-05-15,2522
2012-05-16,2442
2012-05-17,3331
2012-05-18,2463
2012-05-21,2117
2012-05-22,2523
2012-05-23,3085
2012-05-24,3162
2012-05-25,2994
2012-05-29,2463
2012-05-30,3643
2012-05-31,3216
2012-06-01,17659
2012-06-04,1677
2012-06-05,2555
2012-06-06,1906
2012-06-07,2822
2012-06-08,2188
2012-06-11,1323
2012-06-12,2282
2012-06-13,2536
2012-06-14,3219
2012-06-15,2660
2012-06-18,2445
2012-06-19,2733
2012-06-20,3712
2012-06-21,4222
2012-06-22,3305
2012-06-25,1940
2012-06-26,2975
2012-06-27,2411
2012-06-28,2929
2012-06-29,21370
2012-07-02,1739
2012-07-03,2024
2012-07-05,3687
2012-07-06,2567
2012-07-09,3493
2012-07-10,2688
2012-07-11,2434
2012-07-12,2385
2012-07-13,2120
2012-07-16,2458
2012-07-17,1882
2012-07-18,2106
2012-07-19,2627
2012-07-20,2108
2012-07-23,2214
2012-07-24,2343
2012-07-25,2142
2012-07-26,2631
2012-07-27,2769
2012-07-30,1849
2012-07-31,2126
2012-08-01,21433
2012-08-02,2473
2012-08-03,1801
2012-08-06,1781
2012-08-07,3336
2012-08-08,2294
2012-08-09,2275
2012-08-10,2014
2012-08-13,2136
2012-08-14,1854
2012-08-15,2722
2012-08-16,2793
2012-08-17,2507
2012-08-20,2076
2012-08-21,2540
2012-08-22,2482
2012-08-23,3102
2012-08-24,1957
2012-08-27,2140
2012-08-28,2450
2012-08-29,2023
2012-08-30,2849
2012-08-31,17661
2012-09-04,2155
2012-09-05,3206
2012-09-06,2908
2012-09-07,2626
2012-09-10,1772
2012-09-11,2237
2012-09-12,2622
2012-09-13,3082
2012-09-14,2425
2012-09-17,1214
2012-09-18,1712
2012-09-19,2406
2012-09-20,3121
2012-09-21,2608
2012-09-24,2312
2012-09-25,3600
2012-09-26,3525
2012-09-27,2803
2012-09-28,2360
2012-10-01,17416
2012-10-02,2459
2012-10-03,2297
2012-10-04,2381
2012-10-05,3267
2012-10-09,2398
2012-10-10,3249
2012-10-11,4249
2012-10-12,2126
2012-10-15,1615
2012-10-16,1977
2012-10-17,2592
2012-10-18,3168
2012-10-19,2222
2012-10-22,1918
2012-10-23,2425
2012-10-24,2808
2012-10-25,3751
2012-10-26,2047
2012-10-29,1896
2012-10-30,3480
2012-10-31,1461
2012-11-01,18211
2012-11-02,1541
2012-11-05,2069
2012-11-06,2442
2012-11-07,2960
2012-11-08,2591
2012-11-09,2315
2012-11-13,2699
2012-11-14,3000
2012-11-15,3595
2012-11-16,2560
2012-11-19,2126
2012-11-20,2669
2012-11-21,2554
2012-11-23,2096
2012-11-26,2433
2012-11-27,4684
2012-11-28,2544
2012-11-29,3526
2012-11-30,19001
2012-12-03,1944
2012-12-04,2572
2012-12-05,2567
2012-12-06,2705
2012-12-07,1729
2012-12-10,1413
2012-12-11,2737
2012-12-12,1768
2012-12-13,3010
2012-12-14,2134
2012-12-17,2274
2012-12-18,2295
2012-12-19,2591
2012-12-20,3278
2012-12-21,2883
2012-12-24,1433
2012-12-26,2764
2012-12-27,5175
2012-12-28,4002
2012-12-31,1876
2013-01-02,18537
2013-01-03,3472
2013-01-04,2117
2013-01-07,1692
2013-01-08,3068
2013-01-09,926
2013-01-10,2149
2013-01-11,2030
2013-01-14,2070
2013-01-15,1633
2013-01-16,1981
2013-01-17,3465
2013-01-18,2428
2013-01-22,2371
2013-01-23,3306
2013-01-24,4344
2013-01-25,2210
2013-01-28,2052
2013-01-29,2317
2013-01-30,2422
2013-01-31,2940
2013-02-01,19103
2013-02-04,1567
2013-02-05,2330
2013-02-06,1972
2013-02-07,3351
2013-02-08,2207
2013-02-11,1477
2013-02-12,2852
2013-02-13,2390
2013-02-14,2895
2013-02-15,2858
2013-02-19,2758
2013-02-20,3638
2013-02-21,2871
2013-02-22,2584
2013-02-25,2322
2013-02-26,2918
2013-02-27,3234
2013-02-28,3619
2013-03-01,18098
2013-03-04,2003
2013-03-05,2934
2013-03-06,1721
2013-03-07,2509
2013-03-08,2178
2013-03-11,1793
2013-03-12,2516
2013-03-13,2081
2013-03-14,3666
2013-03-15,1748
2013-03-18,2668
2013-03-19,2740
2013-03-20,2164
2013-03-21,2532
2013-03-22,2326
2013-03-25,1963
2013-03-26,3348
2013-03-27,2403
2013-03-28,3795
2013-03-29,2072
2013-04-01,17531
2013-04-02,2563
2013-04-03,2175
2013-04-04,2040
2013-04-05,2620
2013-04-08,1648
2013-04-09,2789
2013-04-10,2465
2013-04-11,2925
2013-04-12,2740
2013-04-15,1511
2013-04-16,2534
2013-04-17,2183
2013-04-18,3654
2013-04-19,2767
2013-04-22,2064
2013-04-23,2702
2013-04-24,3094
2013-04-25,4158
2013-04-26,2082
2013-04-29,1871
2013-04-30,2850
2013-05-01,18212
2013-05-02,2133
2013-05-03,1931
2013-05-06,2254
2013-05-07,3299
2013-05-08,2440
2013-05-09,2814
2013-05-10,2289
2013-05-13,2937
2013-05-14,2259
2013-05-15,2081
2013-05-16,2833
2013-05-17,2330
2013-05-20,1964
2013-05-21,2763
2013-05-22,2907
2013-05-23,3923
2013-05-24,2661
2013-05-28,2285
2013-05-29,3898
2013-05-30,3029
2013-05-31,17887
2013-06-03,1843
2013-06-04,1888
2013-06-05,2025
2013-06-06,2652
2013-06-07,2349
2013-06-10,1617
2013-06-11,2771
2013-06-12,1732
2013-06-13,3772
2013-06-14,2064
2013-06-17,1762
2013-06-18,2987
2013-06-19,2331
2013-06-20,2939
2013-06-21,2226
2013-06-24,2599
2013-06-25,3365
2013-06-26,2226
2013-06-27,3066
2013-06-28,2548
2013-07-01,21738
2013-07-02,2014
2013-07-03,1783
2013-07-05,3300
2013-07-08,2983
2013-07-09,3162
2013-07-10,2745
2013-07-11,2602
2013-07-12,3248
2013-07-15,1728
2013-07-16,2265
2013-07-17,2815
2013-07-18,3140
2013-07-19,1380
2013-07-22,1735
2013-07-23,2109
2013-07-24,1676
2013-07-25,3549
2013-07-26,1804
2013-07-29,1910
2013-07-30,2449
2013-07-31,2202
2013-08-01,22854
2013-08-02,2147
2013-08-05,1742
2013-08-06,2772
2013-08-07,1920
2013-08-08,2971
2013-08-09,2032
2013-08-12,2304
2013-08-13,2987
2013-08-14,1879
2013-08-15,3039
2013-08-16,2006
2013-08-19,2058
2013-08-20,2846
2013-08-21,2070
2013-08-22,3005
2013-08-23,2487
2013-08-26,2305
2013-08-27,2380
2013-08-28,2072
2013-08-29,3160
2013-08-30,19074
2013-09-03,2050
2013-09-04,2689
2013-09-05,2462
2013-09-06,2373
2013-09-09,2339
2013-09-10,2478
2013-09-11,2279
2013-09-12,2808
2013-09-13,2884
2013-09-16,1314
2013-09-17,1737
2013-09-18,1824
2013-09-19,3691
2013-09-20,2929
2013-09-23,2172
2013-09-24,2335
2013-09-25,2817
2013-09-26,3734
2013-09-27,3278
2013-09-30,2106
2013-10-01,18540
2013-10-02,1410
2013-10-03,2755
2013-10-04,1890
2013-10-07,2404
2013-10-08,2131
2013-10-09,2421
2013-10-10,2349
2013-10-11,2862
2013-10-15,2374
2013-10-16,3054
2013-10-17,3164
2013-10-18,3095
2013-10-21,2142
2013-10-22,2421
2013-10-23,2797
2013-10-24,3655
2013-10-25,1718
2013-10-28,2058
2013-10-29,2863
2013-10-30,1971
2013-10-31,3150
2013-11-01,19087
2013-11-04,1734
2013-11-05,2977
2013-11-06,2015
2013-11-07,2863
2013-11-08,2477
2013-11-12,2225
2013-11-13,3022
2013-11-14,3982
2013-11-15,2423
2013-11-18,2072
2013-11-19,2708
2013-11-20,2418
2013-11-21,3440
2013-11-22,2680
2013-11-25,1963
2013-11-26,2780
2013-11-27,2785
2013-11-29,21622
2013-12-02,2265
2013-12-03,3506
2013-12-04,2592
2013-12-05,2712
2013-12-06,2653
2013-12-09,1860
2013-12-10,2957
2013-12-11,2032
2013-12-12,2826
2013-12-13,1560
2013-12-16,1213
2013-12-17,2740
2013-12-18,3843
2013-12-19,3589
2013-12-20,2595
2013-12-23,2385
2013-12-24,2244
2013-12-26,4084
2013-12-27,3229
2013-12-30,2085
2013-12-31,1953
2014-01-02,20114
2014-01-03,3543
2014-01-06,1853
2014-01-07,2702
2014-01-08,1762
2014-01-09,1769
2014-01-10,2017
2014-01-13,1427
2014-01-14,3113
2014-01-15,1959
2014-01-16,3113
2014-01-17,2250
2014-01-21,2452
2014-01-22,3609
2014-01-23,3551
2014-01-24,2675
2014-01-27,3181
2014-01-28,2240
2014-01-29,2193
2014-01-30,3875
2014-01-31,19568
2014-02-03,1979
2014-02-04,3245
2014-02-05,1956
2014-02-06,2292
2014-02-07,2873
2014-02-10,2011
2014-02-11,2695
2014-02-12,2550
2014-02-13,3910
2014-02-14,2404
2014-02-18,2506
2014-02-19,3211
2014-02-20,3607
2014-02-21,3319
2014-02-24,2082
2014-02-25,3471
2014-02-26,2540
2014-02-27,4425
2014-02-28,18513
2014-03-03,2405
2014-03-04,2886
2014-03-05,1749
2014-03-06,2258
2014-03-07,3067
2014-03-10,1953
2014-03-11,2706
2014-03-12,2285
2014-03-13,3815
2014-03-14,2030
2014-03-17,1735
2014-03-18,3171
2014-03-19,2126
2014-03-20,2660
2014-03-21,3761
2014-03-24,2127
2014-03-25,3692
2014-03-26,3913
2014-03-27,3475
2014-03-28,1840
2014-03-31,1896
2014-04-01,20517
2014-04-02,2073
2014-04-03,2208
2014-04-04,2345
2014-04-07,2292
2014-04-08,2755
2014-04-09,3208
2014-04-10,2989
2014-04-11,2050
2014-04-14,1593
2014-04-15,2869
2014-04-16,2260
2014-04-17,3554
2014-04-18,2104
2014-04-21,3138
2014-04-22,3226
2014-04-23,2908
2014-04-24,3669
2014-04-25,2050
2014-04-28,1967
2014-04-29,3699
2014-04-30,2189
2014-05-01,20593
2014-05-02,1952
2014-05-05,1757
2014-05-06,2485
2014-05-07,3119
2014-05-08,3055
2014-05-09,2171
2014-05-12,2080
2014-05-13,3253
2014-05-14,2413
2014-05-15,2831
2014-05-16,2814
2014-05-19,1970
2014-05-20,3972
2014-05-21,2798
2014-05-22,3535
2014-05-23,2798
2014-05-27,3381
2014-05-28,3320
2014-05-29,4049
2014-05-30,19675
2014-06-02,1671
2014-06-03,3205
2014-06-04,2139
2014-06-05,2918
2014-06-06,2677
2014-06-09,1649
2014-06-10,2859
2014-06-11,1980
2014-06-12,4392
2014-06-13,2078
2014-06-16,1847
2014-06-17,2398
2014-06-18,3010
2014-06-19,3915
2014-06-20,5949
2014-06-23,2251
2014-06-24,2677
2014-06-25,2822
2014-06-26,3396
2014-06-27,2792
2014-06-30,1983
2014-07-01,24324
2014-07-02,3289
2014-07-03,3318
2014-07-07,3563
2014-07-08,4623
2014-07-09,2387
2014-07-10,2547
2014-07-11,2045
2014-07-14,2008
2014-07-15,2231
2014-07-16,3182
2014-07-17,3247
2014-07-18,2173
2014-07-21,4232
2014-07-22,2362
2014-07-23,2496
2014-07-24,4584
2014-07-25,2587
2014-07-28,2229
2014-07-29,2854
2014-07-30,2853
2014-07-31,4178
2014-08-01,25539
2014-08-04,1565
2014-08-05,3221
2014-08-06,1698
2014-08-07,2947
2014-08-08,2324
2014-08-11,1987
2014-08-12,2722
2014-08-13,2852
2014-08-14,3311
2014-08-15,1874
2014-08-18,2163
2014-08-19,5012
2014-08-20,2030
2014-08-21,3347
2014-08-22,1894
2014-08-25,2265
2014-08-26,2576
2014-08-27,2630
2014-08-28,3748
2014-08-29,2842
2014-09-02,20746
2014-09-03,4242
2014-09-04,3387
2014-09-05,2018
2014-09-08,3007
2014-09-09,2655
2014-09-10,2900
2014-09-11,3052
2014-09-12,2330
2014-09-15,1640
2014-09-16,2336
2014-09-17,2762
2014-09-18,3710
2014-09-19,4108
2014-09-22,2250
2014-09-23,2540
2014-09-24,3413
2014-09-25,5573
2014-09-26,2554
2014-09-29,2363
2014-09-30,2456
2014-10-01,19553
2014-10-02,2845
2014-10-03,2534
2014-10-06,2415
2014-10-07,1363
2014-10-08,3138
2014-10-09,3120
2014-10-10,2176
2014-10-14,2706
2014-10-15,3202
2014-10-16,3564
2014-10-17,2260
2014-10-20,1973
2014-10-21,2603
2014-10-22,2852
2014-10-23,4642
2014-10-24,2002
2014-10-27,2050
2014-10-28,3919
2014-10-29,2350
2014-10-30,3129
2014-10-31,26366
2014-11-03,2128
2014-11-04,3050
2014-11-05,2611
2014-11-06,2780
2014-11-07,3096
2014-11-10,2300
2014-11-12,4071
2014-11-13,3555
2014-11-14,3616
2014-11-17,2279
2014-11-18,2727
2014-11-19,3221
2014-11-20,3277
2014-11-21,2134
2014-11-24,2807
2014-11-25,3388
2014-11-26,2551
2014-11-28,4199
2014-12-01,20815
2014-12-02,2902
2014-12-03,3024
2014-12-04,3555
2014-12-05,2424
2014-12-08,2631
2014-12-09,5092
2014-12-10,2637
2014-12-11,2773
2014-12-12,1502
2014-12-15,1523
2014-12-16,2435
2014-12-17,3123
2014-12-18,4829
2014-12-19,1958
2014-12-22,2285
2014-12-23,3388
2014-12-24,4511
2014-12-26,4151
2014-12-29,1725
2014-12-30,3554
2014-12-31,3668
2015-01-02,22432
2015-01-05,2569
2015-01-06,4478
2015-01-07,1995
2015-01-08,3473
2015-01-09,1389
2015-01-12,1386
2015-01-13,3025
2015-01-14,2910
2015-01-15,3075
2015-01-16,3904
2015-01-20,2242
2015-01-21,3071
2015-01-22,3646
2015-01-23,2318
2015-01-26,2868
2015-01-27,4064
2015-01-28,2659
2015-01-29,5163
2015-01-30,22138
2015-02-02,2157
2015-02-03,2939
2015-02-04,2057
2015-02-05,2696
2015-02-06,2977
2015-02-09,2477
2015-02-10,3139
2015-02-11,2815
2015-02-12,3612
2015-02-13,2378
2015-02-17,2485
2015-02-18,4211
2015-02-19,4156
2015-02-20,2804
2015-02-23,2522
2015-02-24,2794
2015-02-25,3325
2015-02-26,5121
2015-02-27,21208
2015-03-02,1678
2015-03-03,4024
2015-03-04,2056
2015-03-05,3821
2015-03-06,2606
2015-03-09,2642
2015-03-10,3113
2015-03-11,2363
2015-03-12,4976
2015-03-13,1669
2015-03-16,1770
2015-03-17,2867
2015-03-18,3203
2015-03-19,3760
2015-03-20,2359
2015-03-23,2317
2015-03-24,3218
2015-03-25,3551
2015-03-26,5150
2015-03-27,2352
2015-03-30,2139
2015-03-31,2888
2015-04-01,21707
2015-04-02,3679
2015-04-03,2445
2015-04-06,2230
2015-04-07,3372
2015-04-08,3085
2015-04-09,3072
2015-04-10,1867
2015-04-13,2266
2015-04-14,2468
2015-04-15,2418
2015-04-16,3751
2015-04-17,3060
2015-04-20,1833
2015-04-21,4274
2015-04-22,2585
2015-04-23,3861
2015-04-24,2117
2015-04-27,2310
2015-04-28,3120
2015-04-29,2147
2015-04-30,2313
2015-05-01,22978
2015-05-04,2327
2015-05-05,3510
2015-05-06,2655
2015-05-07,3508
2015-05-08,2700
2015-05-11,2051
2015-05-12,3526
2015-05-13,2464
2015-05-14,4045
2015-05-15,2691
2015-05-18,2751
2015-05-19,2355
2015-05-20,3073
2015-05-21,3888
2015-05-22,2559
2015-05-26,2698
2015-05-27,3859
2015-05-28,4641
2015-05-29,2702
2015-06-01,20963
2015-06-02,3198
2015-06-03,2573
2015-06-04,4377
2015-06-05,2435
2015-06-08,2011
2015-06-09,3289
2015-06-10,2251
2015-06-11,3633
2015-06-12,2137
2015-06-15,2205
2015-06-16,4038
2015-06-17,3057
2015-06-18,3348
2015-06-19,2224
2015-06-22,2811
2015-06-23,2500
2015-06-24,3424
2015-06-25,3684
2015-06-26,2771
2015-06-29,2527
2015-06-30,1892
2015-07-01,26202
2015-07-02,3277
2015-07-03,1744
2015-07-06,1089
2015-07-07,4868
2015-07-08,2928
2015-07-09,3740
2015-07-10,1706
2015-07-13,2730
2015-07-14,3046
2015-07-15,2868
2015-07-16,4968
2015-07-17,2228
2015-07-20,2011
2015-07-21,4912
2015-07-22,2594
2015-07-23,4529
2015-07-24,2426
2015-07-27,2252
2015-07-28,2816
2015-07-29,2308
2015-07-30,4345
2015-07-31,26477
2015-08-03,2082
2015-08-04,2770
2015-08-05,2185
2015-08-06,2920
2015-08-07,2180
2015-08-10,2792
2015-08-11,3276
2015-08-12,2875
2015-08-13,3883
2015-08-14,2079
2015-08-17,2657
2015-08-18,3214
2015-08-19,2335
2015-08-20,4107
2015-08-21,2113
2015-08-24,2682
2015-08-25,3434
2015-08-26,2491
2015-08-27,4668
2015-08-28,2383
2015-08-31,1935
2015-09-01,22116
2015-09-02,1941
2015-09-03,3523
2015-09-04,2493
2015-09-08,3048
2015-09-09,3965
2015-09-10,3301
2015-09-11,2001
2015-09-14,1827
2015-09-15,2667
2015-09-16,3324
2015-09-17,4017
2015-09-18,3010
2015-09-21,2202
2015-09-22,2565
2015-09-23,2341
2015-09-24,3800
2015-09-25,2412
2015-09-28,2365
2015-09-29,2493
2015-09-30,1952
2015-10-01,21662
2015-10-02,2823
2015-10-05,2460
2015-10-06,3445
2015-10-07,2814
2015-10-08,4029
2015-10-09,2549
2015-10-13,2308
2015-10-14,5126
2015-10-15,3128
2015-10-16,3714
2015-10-19,2608
2015-10-20,3117
2015-10-21,3038
2015-10-22,3917
2015-10-23,2101
2015-10-26,1839
2015-10-27,3718
2015-10-28,2656
2015-10-29,4052
2015-10-30,33200
2015-11-02,2088
2015-11-03,2887
2015-11-04,2968
2015-11-05,2735
2015-11-06,2513
2015-11-09,2353
2015-11-10,3102
2015-11-12,3890
2015-11-13,3048
2015-11-16,3000
2015-11-17,2503
2015-11-18,3656
2015-11-19,4884
2015-11-20,2157
2015-11-23,2519
2015-11-24,2846
2015-11-25,2886
2015-11-27,4025
2015-11-30,2605
2015-12-01,22400
2015-12-02,3443
2015-12-03,3930
2015-12-04,2390
2015-12-07,2412
2015-12-08,4221
2015-12-09,2309
2015-12-10,2567
2015-12-11,2141
2015-12-14,1465
2015-12-15,2705
2015-12-16,3986
2015-12-17,4186
2015-12-18,2213
2015-12-21,2081
2015-12-22,3238
2015-12-23,3448
2015-12-24,3901
2015-12-28,3026
2015-12-29,3902
2015-12-30,3338
2015-12-31,2705
2016-01-04,23704
2016-01-05,4840
2016-01-06,2855
2016-01-07,3164
2016-01-08,1693
2016-01-11,1532
2016-01-12,2586
2016-01-13,2897
2016-01-14,4983
2016-01-15,2401
2016-01-19,2496
2016-01-20,2717
2016-01-21,4322
2016-01-22,2586
2016-01-25,2609
2016-01-26,2908
2016-01-27,2836
2016-01-28,3763
2016-01-29,2436
2016-02-01,23270
2016-02-02,2842
2016-02-03,2887
2016-02-04,2892
2016-02-05,2071
2016-02-08,2593
2016-02-09,3216
2016-02-10,2903
2016-02-11,4158
2016-02-12,2671
2016-02-16,2159
2016-02-17,3350
2016-02-18,4777
2016-02-19,3139
2016-02-22,2139
2016-02-23,2834
2016-02-24,2902
2016-02-25,5539
2016-02-26,2633
2016-02-29,1991
2016-03-01,23741
2016-03-02,2352
2016-03-03,3222
2016-03-04,2778
2016-03-07,1875
2016-03-08,3766
2016-03-09,2728
2016-03-10,3568
2016-03-11,2087
2016-03-14,1978
2016-03-15,3201
2016-03-16,2561
2016-03-17,4907
2016-03-18,2229
2016-03-21,2349
2016-03-22,2618
2016-03-23,3239
2016-03-24,5569
2016-03-25,3304
2016-03-28,2470
2016-03-29,3269
2016-03-30,2125
2016-03-31,3010
2016-04-01,24408
2016-04-04,2159
2016-04-05,3793
2016-04-06,2257
2016-04-07,2640
2016-04-08,2734
2016-04-11,1833
2016-04-12,3442
2016-04-13,3136
2016-04-14,3133
2016-04-15,2334
2016-04-18,2873
2016-04-19,2322
2016-04-20,3134
2016-04-21,5136
2016-04-22,2444
2016-04-25,2215
2016-04-26,4395
2016-04-27,2872
2016-04-28,4700
2016-04-29,23819
2016-05-02,2320
2016-05-03,2551
2016-05-04,3112
2016-05-05,3085
2016-05-06,2283
2016-05-09,2244
2016-05-10,3733
2016-05-11,2357
2016-05-12,4104
2016-05-13,1931
2016-05-16,2052
2016-05-17,2739
2016-05-18,3060
2016-05-19,4622
2016-05-20,2083
2016-05-23,2448
2016-05-24,3418
2016-05-25,3381
2016-05-26,5227
2016-05-27,3329
2016-05-31,2432
2016-06-01,23573
2016-06-02,3392
2016-06-03,2366
2016-06-06,2434
2016-06-07,4210
2016-06-08,2462
2016-06-09,3672
2016-06-10,1953
2016-06-13,2473
2016-06-14,2035
2016-06-15,2602
2016-06-16,5063
2016-06-17,2235
2016-06-20,2252
2016-06-21,2610
2016-06-22,2561
2016-06-23,4620
2016-06-24,2835
2016-06-27,2400
2016-06-28,2526
2016-06-29,2316
2016-06-30,3462
2016-07-01,29481
2016-07-05,2689
2016-07-06,2727
2016-07-07,5508
2016-07-08,2521
2016-07-11,3020
2016-07-12,3847
2016-07-13,3584
2016-07-14,4767
2016-07-15,1755
2016-07-18,1587
2016-07-19,3488
2016-07-20,2826
2016-07-21,4054
2016-07-22,2166
2016-07-25,2486
2016-07-26,4712
2016-07-27,3007
2016-07-28,4951
2016-07-29,2405
2016-08-01,29740
2016-08-02,3715
2016-08-03,2564
2016-08-04,2782
2016-08-05,2329
2016-08-08,2741
2016-08-09,3048
2016-08-10,2829
2016-08-11,4320
2016-08-12,2057
2016-08-15,2205
2016-08-16,3849
2016-08-17,2572
2016-08-18,3146
2016-08-19,2230
2016-08-22,2579
2016-08-23,3235
2016-08-24,2984
2016-08-25,4939
2016-08-26,1726
2016-08-29,2863
2016-08-30,2388
2016-08-31,1838
2016-09-01,25710
2016-09-02,2840
2016-09-06,2823
2016-09-07,2937
2016-09-08,4935
2016-09-09,1924
2016-09-12,1950
2016-09-13,3104
2016-09-14,3351
2016-09-15,3442
2016-09-16,3264
2016-09-19,2106
2016-09-20,2852
2016-09-21,2643
2016-09-22,4070
2016-09-23,2072
2016-09-26,2743
2016-09-27,3999
2016-09-28,2667
2016-09-29,3872
2016-09-30,24148
2016-10-03,1989
2016-10-04,3923
2016-10-05,3118
2016-10-06,2886
2016-10-07,2422
2016-10-11,2389
2016-10-12,4109
2016-10-13,4935
2016-10-14,2348
2016-10-17,2027
2016-10-18,3061
2016-10-19,2855
2016-10-20,4502
2016-10-21,2095
2016-10-24,1921
2016-10-25,3700
2016-10-26,2923
2016-10-27,4768
2016-10-28,2675
2016-10-31,2479
2016-11-01,33742
2016-11-02,2882
2016-11-03,4260
2016-11-04,2138
2016-11-07,2678
2016-11-08,3623
2016-11-09,2488
2016-11-10,3705
2016-11-14,3574
2016-11-15,3813
2016-11-16,4330
2016-11-17,4195
2016-11-18,2100
2016-11-21,2265
2016-11-22,2810
2016-11-23,3213
2016-11-25,4176
2016-11-28,2711
2016-11-29,3427
2016-11-30,3379
2016-12-01,25431
2016-12-02,1855
2016-12-05,2510
2016-12-06,3312
2016-12-07,2252
2016-12-08,4201
2016-12-09,1442
2016-12-12,1547
2016-12-13,6549
2016-12-14,2938
2016-12-15,3634
2016-12-16,1881
2016-12-19,3009
2016-12-20,2570
2016-12-21,2897
2016-12-22,5020
2016-12-23,2910
2016-12-27,2997
2016-12-28,3725
2016-12-29,6651
2016-12-30,3061
2017-01-03,25574
2017-01-04,3450
2017-01-05,3302
2017-01-06,2578
2017-01-09,2245
2017-01-10,3186
2017-01-11,2092
2017-01-12,4556
2017-01-13,2793
2017-01-17,1907
2017-01-18,3404
2017-01-19,4295
2017-01-20,2600
2017-01-23,2513
2017-01-24,3245
2017-01-25,2735
2017-01-26,4860
2017-01-27,2622
2017-01-30,2113
2017-01-31,2919
2017-02-01,26067
2017-02-02,4206
2017-02-03,2732
2017-02-06,2351
2017-02-07,3121
2017-02-08,3454
2017-02-09,3723
2017-02-10,1815
2017-02-13,2803
2017-02-14,3224
2017-02-15,2860
2017-02-16,5257
2017-02-17,2666
2017-02-21,2831
2017-02-22,3612
2017-02-23,6470
2017-02-24,2820
2017-02-27,2185
2017-02-28,3118
2017-03-01,25287
2017-03-02,3485
2017-03-03,2623
2017-03-06,2416
2017-03-07,3827
2017-03-08,3484
2017-03-09,4151
2017-03-10,1627
2017-03-13,3232
2017-03-14,2831
2017-03-15,2831
2017-03-16,3753
2017-03-17,2752
2017-03-20,2518
2017-03-21,2599
2017-03-22,3371
2017-03-23,5262
2017-03-24,3001
2017-03-27,2114
2017-03-28,4349
2017-03-29,2033
2017-03-30,2768
2017-03-31,26819
2017-04-03,2267
2017-04-04,3032
2017-04-05,2787
2017-04-06,2600
2017-04-07,2982
2017-04-10,2024
2017-04-11,3219
2017-04-12,2691
2017-04-13,4332
2017-04-14,2040
2017-04-17,2155
2017-04-18,3063
2017-04-19,2961
2017-04-20,3939
2017-04-21,2085
2017-04-24,2374
2017-04-25,3252
2017-04-26,3319
2017-04-27,5497
2017-04-28,2954
2017-05-01,27181
2017-05-02,2931
2017-05-03,2733
2017-05-04,3467
2017-05-05,2511
2017-05-08,2804
2017-05-09,3199
2017-05-10,2872
2017-05-11,4330
2017-05-12,1964
2017-05-15,2384
2017-05-16,2901
2017-05-17,2835
2017-05-18,4098
2017-05-19,2007
2017-05-22,2195
2017-05-23,2647
2017-05-24,3034
2017-05-25,5276
2017-05-26,3086
2017-05-30,2800
2017-05-31,2380
2017-06-01,27641
2017-06-02,2269
2017-06-05,2845
2017-06-06,3161
2017-06-07,2549
2017-06-08,3124
2017-06-09,2292
2017-06-12,1913
2017-06-13,3424
2017-06-14,2959
2017-06-15,3798
2017-06-16,2060
2017-06-19,2048
2017-06-20,4307
2017-06-21,2500
2017-06-22,3201
2017-06-23,2436
2017-06-26,2511
2017-06-27,2604
2017-06-28,2999
2017-06-29,3964
2017-06-30,25877
2017-07-03,2389
2017-07-05,5089
2017-07-06,4652
2017-07-07,3018
2017-07-10,2342
2017-07-11,3153
2017-07-12,3356
2017-07-13,3385
2017-07-14,3095
2017-07-17,2826
2017-07-18,2066
2017-07-19,1838
2017-07-20,3096
2017-07-21,2642
2017-07-24,3447
2017-07-25,2672
2017-07-26,3396
2017-07-27,4982
2017-07-28,2469
2017-07-31,2405
2017-08-01,32721
2017-08-02,1972
2017-08-03,3618
2017-08-04,1589
2017-08-07,2714
2017-08-08,4495
2017-08-09,2916
2017-08-10,4042
2017-08-11,2669
2017-08-14,2267
2017-08-15,2865
2017-08-16,2757
2017-08-17,4755
2017-08-18,1984
2017-08-21,2876
2017-08-22,2701
2017-08-23,3318
2017-08-24,4178
2017-08-25,2399
2017-08-28,2405
2017-08-29,2405
2017-08-30,1962
2017-08-31,3303
2017-09-01,27095
2017-09-05,3254
2017-09-06,2874
2017-09-07,5758
2017-09-08,2585
2017-09-11,2123
2017-09-12,3319
2017-09-13,2385
2017-09-14,4775
2017-09-15,1907
2017-09-18,1984
2017-09-19,2892
2017-09-20,3348
2017-09-21,4367
2017-09-22,2283
2017-09-25,2435
2017-09-26,4367
2017-09-27,2785
2017-09-28,5122
2017-09-29,31791
2017-10-02,2375
2017-10-03,2817
2017-10-04,2954
2017-10-05,2749
2017-10-06,3655
2017-10-10,1918
2017-10-11,4147
2017-10-12,6066
2017-10-13,2335
2017-10-16,2255
2017-10-17,3991
2017-10-18,2773
2017-10-19,3786
2017-10-20,2468
2017-10-23,2155
2017-10-24,2906
2017-10-25,2990
2017-10-26,5071
2017-10-27,2360
2017-10-30,2423
2017-10-31,2832
2017-11-01,30832
2017-11-02,2712
2017-11-03,2485
2017-11-06,2539
2017-11-07,3714
2017-11-08,2751
2017-11-09,3312
2017-11-10,1049
2017-11-13,2597
2017-11-14,5317
2017-11-15,3954
2017-11-16,4235
2017-11-17,3093
2017-11-20,2561
2017-11-21,3127
2017-11-22,3300
2017-11-24,4117
2017-11-27,2305
2017-11-28,3075
2017-11-29,3939
2017-11-30,4304
2017-12-01,25243
2017-12-04,2487
2017-12-05,4834
2017-12-06,2201
2017-12-07,3687
2017-12-08,2205
2017-12-11,1586
2017-12-12,3977
2017-12-13,3765
2017-12-14,3575
2017-12-15,1969
2017-12-18,3007
2017-12-19,2334
2017-12-20,2298
2017-12-21,4643
2017-12-22,3448
2017-12-26,2545
2017-12-27,3388
2017-12-28,6117
2017-12-29,3425
2018-01-02,27925
2018-01-03,3130
2018-01-04,4501
2018-01-05,1955
2018-01-08,2608
2018-01-09,3255
2018-01-10,2562
2018-01-11,3749
2018-01-12,4265
2018-01-16,2437
2018-01-17,2448
2018-01-18,3629
2018-01-19,2360
2018-01-22,3021
2018-01-23,2565
2018-01-24,3144
2018-01-25,5152
2018-01-26,2428
2018-01-29,2067
2018-01-30,2353
2018-01-31,2060
2018-02-01,29483
2018-02-02,2004
2018-02-05,3364
2018-02-06,3294
2018-02-07,3186
2018-02-08,4398
2018-02-09,1717
2018-02-12,1789
2018-02-13,5269
2018-02-14,2641
2018-02-15,4551
2018-02-16,2399
2018-02-20,2437
2018-02-21,4605
2018-02-22,5214
2018-02-23,3173
2018-02-26,2544
2018-02-27,2607
2018-02-28,2827
2018-03-01,29016
2018-03-02,2166
2018-03-05,3924
2018-03-06,3590
2018-03-07,2899
2018-03-08,5491
2018-03-09,2059
2018-03-12,2061
2018-03-13,6679
2018-03-14,2191
2018-03-15,5045
2018-03-16,2023
2018-03-19,2187
2018-03-20,3397
2018-03-21,2729
2018-03-22,3594
2018-03-23,2262
2018-03-26,3461
2018-03-27,2490
2018-03-28,3292
2018-03-29,4303
2018-03-30,27742
2018-04-02,2018
2018-04-03,2694
2018-04-04,2839
2018-04-05,4035
2018-04-06,2291
2018-04-09,2046
2018-04-10,3463
2018-04-11,3263
2018-04-12,4466
2018-04-13,2752
2018-04-16,1714
2018-04-17,2846
2018-04-18,2631
2018-04-19,4197
2018-04-20,2213
2018-04-23,2354
2018-04-24,3233
2018-04-25,3309
2018-04-26,7292
2018-04-27,2542
2018-04-30,2603
2018-05-01,28872
2018-05-02,2373
2018-05-03,4904
2018-05-04,2367
2018-05-07,2293
2018-05-08,4666
2018-05-09,2649
2018-05-10,3628
2018-05-11,3116
2018-05-14,2504
2018-05-15,3048
2018-05-16,3333
2018-05-17,4020
2018-05-18,2412
2018-05-21,2149
2018-05-22,2852
2018-05-23,2950
2018-05-24,5085
2018-05-25,3252
2018-05-29,2859
2018-05-30,3133
2018-05-31,4037
2018-06-01,32278
2018-06-04,2439
2018-06-05,3436
2018-06-06,1986
2018-06-07,4210
2018-06-08,2594
2018-06-11,1761
2018-06-12,2712
2018-06-13,3618
2018-06-14,3903
2018-06-15,2216
2018-06-18,1918
2018-06-19,3174
2018-06-20,2895
2018-06-21,4649
2018-06-22,2733
2018-06-25,3412
2018-06-26,2572
2018-06-27,2830
2018-06-28,4635
2018-06-29,28023
2018-07-02,2166
2018-07-03,3142
2018-07-05,5040
2018-07-06,3101
2018-07-09,2841
2018-07-10,3835
2018-07-11,3907
2018-07-12,2840
2018-07-13,3986
2018-07-16,2025
2018-07-17,2515
2018-07-18,2001
2018-07-19,3080
2018-07-20,2712
2018-07-23,2543
2018-07-24,2717
2018-07-25,3840
2018-07-26,5670
2018-07-27,2517
2018-07-30,2282
2018-07-31,2228
2018-08-01,34370
2018-08-02,3668
2018-08-03,3120
2018-08-06,2193
2018-08-07,4247
2018-08-08,3237
2018-08-09,3912
2018-08-10,2078
2018-08-13,3066
2018-08-14,3036
2018-08-15,3366
2018-08-16,4393
2018-08-17,2140
2018-08-20,2161
2018-08-21,3802
2018-08-22,3629
2018-08-23,4623
2018-08-24,2407
2018-08-27,2369
2018-08-28,2781
2018-08-29,2307
2018-08-30,3525
2018-08-31,29119
2018-09-04,2631
2018-09-05,4995
2018-09-06,4995
2018-09-07,3477
2018-09-10,2284
2018-09-11,4540
2018-09-12,3774
2018-09-13,4291
2018-09-14,2826
2018-09-17,2159
2018-09-18,1958
2018-09-19,4067
2018-09-20,4356
2018-09-21,2359
2018-09-24,2783
2018-09-25,2810
2018-09-26,3930
2018-09-27,4929
2018-09-28,2895
2018-10-01,25162
2018-10-02,3053
2018-10-03,3515
2018-10-04,3342
2018-10-05,3208
2018-10-09,4243
2018-10-10,4213
2018-10-11,5870
2018-10-12,2043
2018-10-15,3084
2018-10-16,3013
2018-10-17,3568
2018-10-18,4721
2018-10-19,2233
2018-10-22,2217
2018-10-23,2175
2018-10-24,2907
2018-10-25,4469
2018-10-26,2306
2018-10-29,1936
2018-10-30,2122
2018-10-31,4114
2018-11-01,28727
2018-11-02,3060
2018-11-05,2686
2018-11-06,3102
2018-11-07,2117
2018-11-08,3657
2018-11-09,3576
2018-11-13,3478
2018-11-14,5094
2018-11-15,5753
2018-11-16,2489
2018-11-19,2193
2018-11-20,2848
2018-11-21,3134
2018-11-23,3135
2018-11-26,2637
2018-11-27,2182
2018-11-28,5002
2018-11-29,5020
2018-11-30,27213
2018-12-03,2329
2018-12-04,3432
2018-12-05,3499
2018-12-06,2699
2018-12-07,2105
2018-12-10,2233
2018-12-11,4867
2018-12-12,3014
2018-12-13,4678
2018-12-14,2800
2018-12-17,3104
2018-12-18,2516
2018-12-19,2474
2018-12-20,4582
2018-12-21,2896
2018-12-24,2229
2018-12-26,2776
2018-12-27,7254
2018-12-28,4396
2018-12-31,3667
2019-01-02,30607
2019-01-03,3925
2019-01-04,3255
2019-01-07,2040
2019-01-08,2827
2019-01-09,2313
2019-01-10,4265
2019-01-11,1664
2019-01-14,2952
2019-01-15,3812
2019-01-16,3149
2019-01-17,3901
2019-01-18,2367
2019-01-22,2837
2019-01-23,3800
2019-01-24,5971
2019-01-25,2694
2019-01-28,2858
2019-01-29,2610
2019-01-30,2813
2019-01-31,3817
2019-02-01,31529
2019-02-04,2249
2019-02-05,5323
2019-02-06,3194
2019-02-07,4861
2019-02-08,1081
2019-02-11,1836
2019-02-12,5135
2019-02-13,3286
2019-02-14,4555
2019-02-15,3371
2019-02-19,2564
2019-02-20,4213
2019-02-21,5413
2019-02-22,3370
2019-02-25,2421
2019-02-26,2882
2019-02-27,3128
2019-02-28,4962
2019-03-01,29870
2019-03-04,2350
2019-03-05,4037
2019-03-06,4142
2019-03-07,4136
2019-03-08,2590
2019-03-11,2463
2019-03-12,4677
2019-03-13,3381
2019-03-14,3746
2019-03-15,2330
2019-03-18,2088
2019-03-19,3520
2019-03-20,3204
2019-03-21,5532
2019-03-22,2351
2019-03-25,3869
2019-03-26,3630
2019-03-27,3686
2019-03-28,2382
2019-03-29,3853
2019-04-01,32716
2019-04-02,2218
2019-04-03,4562
2019-04-04,4429
2019-04-05,2185
2019-04-08,2665
2019-04-09,4368
2019-04-10,2850
2019-04-11,4805
2019-04-12,2086
2019-04-15,2877
2019-04-16,3106
2019-04-17,2855
2019-04-18,4488
2019-04-19,2199
2019-04-22,1851
2019-04-23,2617
2019-04-24,3598
2019-04-25,5737
2019-04-26,2994
2019-04-29,2397
2019-04-30,2253
2019-05-01,39345
2019-05-02,3246
2019-05-03,3423
2019-05-06,2173
2019-05-07,4300
2019-05-08,2669
2019-05-09,4807
2019-05-10,2142
2019-05-13,3163
2019-05-14,3612
2019-05-15,4352
2019-05-16,4134
2019-05-17,2335
2019-05-20,2100
2019-05-21,2903
2019-05-22,3080
2019-05-23,3585
2019-05-24,2452
2019-05-28,2797
2019-05-29,3557
2019-05-30,6379
2019-05-31,36882
2019-06-03,2613
2019-06-04,4167
2019-06-05,2876
2019-06-06,3100
2019-06-07,2371
2019-06-10,2869
2019-06-11,5755
2019-06-12,2841
2019-06-13,4999
2019-06-14,2503
2019-06-17,2393
2019-06-18,2554
2019-06-19,2506
2019-06-20,3915
2019-06-21,2592
2019-06-24,3977
2019-06-25,3143
2019-06-26,3591
2019-06-27,4783
2019-06-28,3136
2019-07-01,31793
2019-07-02,3158
2019-07-03,4085
2019-07-05,3132
2019-07-08,2922
2019-07-09,5565
2019-07-10,4254
2019-07-11,4392
2019-07-12,3313
2019-07-15,3202
2019-07-16,2895
2019-07-17,2916
2019-07-18,3178
2019-07-19,2760
2019-07-22,2327
2019-07-23,3135
2019-07-24,3733
2019-07-25,5526
2019-07-26,2461
2019-07-29,2138
2019-07-30,2239
2019-07-31,2129
2019-08-01,33766
2019-08-02,2440
2019-08-05,3052
2019-08-06,4460
2019-08-07,3170
2019-08-08,4666
2019-08-09,2181
2019-08-12,3366
2019-08-13,4236
2019-08-14,2163
2019-08-15,3723
2019-08-16,2021
2019-08-19,1974
2019-08-20,3570
2019-08-21,3366
2019-08-22,3138
2019-08-23,2338
2019-08-26,2221
2019-08-27,3029
2019-08-28,2674
2019-08-29,4958
2019-08-30,32592
2019-09-03,2435
2019-09-04,3335
2019-09-05,6921
2019-09-06,2730
2019-09-09,2236
2019-09-10,5607
2019-09-11,2736
2019-09-12,4797
2019-09-13,4032
2019-09-16,2046
2019-09-17,2430
2019-09-18,2960
2019-09-19,4516
2019-09-20,2657
2019-09-23,2795
2019-09-24,3237
2019-09-25,4962
2019-09-26,6927
2019-09-27,2823
2019-09-30,2082
2019-10-01,31170
2019-10-02,3199
2019-10-03,3374
2019-10-04,3001
2019-10-07,2503
2019-10-08,5092
2019-10-09,2673
2019-10-10,3890
2019-10-11,3995
2019-10-15,3162
2019-10-16,3342
2019-10-17,4154
2019-10-18,3362
2019-10-21,2105
2019-10-22,2358
2019-10-23,3079
2019-10-24,4170
2019-10-25,2612
2019-10-28,1738
2019-10-29,2425
2019-10-30,3861
2019-10-31,5348
2019-11-01,33492
2019-11-04,2652
2019-11-05,4830
2019-11-06,2752
2019-11-07,4604
2019-11-08,3257
2019-11-12,3397
2019-11-13,5433
2019-11-14,4848
2019-11-15,3350
2019-11-18,1940
2019-11-19,2846
2019-11-20,3030
2019-11-21,4141
2019-11-22,2456
2019-11-25,2137
2019-11-26,2522
2019-11-27,5419
2019-11-29,32750
2019-12-02,2342
2019-12-03,3411
2019-12-04,3815
2019-12-05,3802
2019-12-06,2736
2019-12-09,2438
2019-12-10,4708
2019-12-11,3664
2019-12-12,5165
2019-12-13,2530
2019-12-16,1661
2019-12-17,2934
2019-12-18,2932
2019-12-19,3643
2019-12-20,3027
2019-12-23,2533
2019-12-24,2334
2019-12-26,5838
2019-12-27,4215
2019-12-30,3225
2019-12-31,2167
2020-01-02,35527
2020-01-03,3241
2020-01-06,3068
2020-01-07,3892
2020-01-08,3128
2020-01-09,3711
2020-01-10,1897
2020-01-13,1990
2020-01-14,5766
2020-01-15,3435
2020-01-16,2857
2020-01-17,2324
2020-01-21,2432
2020-01-22,4519
2020-01-23,5478
2020-01-24,2100
2020-01-27,2324
2020-01-28,2541
2020-01-29,2197
2020-01-30,4734
2020-01-31,34936
2020-02-03,2025
2020-02-04,3600
2020-02-05,4022
2020-02-06,5146
2020-02-07,2969
2020-02-10,2800
2020-02-11,5281
2020-02-12,3150
2020-02-13,4736
2020-02-14,3886
2020-02-18,2728
2020-02-19,4136
2020-02-20,4549
2020-02-21,2643
2020-02-24,2716
2020-02-25,3525
2020-02-26,3131
2020-02-27,5567
2020-02-28,33059
2020-03-02,2189
2020-03-03,2318
2020-03-04,4276
2020-03-05,4470
2020-03-06,2746
2020-03-09,2486
2020-03-10,5287
2020-03-11,2757
2020-03-12,4570
2020-03-13,4694
2020-03-16,2173
2020-03-17,3071
2020-03-18,3168
2020-03-19,3918
2020-03-20,2764
2020-03-23,2833
2020-03-24,2796
2020-03-25,3648
2020-03-26,4024
2020-03-27,3143
2020-03-30,2318
2020-03-31,2295
2020-04-01,35770
2020-04-02,5520
2020-04-03,3599
2020-04-06,4049
2020-04-07,5336
2020-04-08,13265
2020-04-09,17532
2020-04-10,16118
2020-04-13,8067
2020-04-14,15120
2020-04-15,16579
2020-04-16,15207
2020-04-17,8704
2020-04-20,5324
2020-04-21,11208
2020-04-22,5774
2020-04-23,5979
2020-04-24,3947
2020-04-27,1991
2020-04-28,2951
2020-04-29,3725
2020-04-30,3492
2020-05-01,37262
2020-05-04,2453
2020-05-05,5443
2020-05-06,1875
2020-05-07,5599
2020-05-08,2586
2020-05-11,2048
2020-05-12,6020
2020-05-13,2604
2020-05-14,3761
2020-05-15,2499
2020-05-18,2078
2020-05-19,3282
2020-05-20,2156
2020-05-21,3499
2020-05-22,3310
2020-05-26,3025
2020-05-27,3677
2020-05-28,5573
2020-05-29,3130
2020-06-01,42566
2020-06-02,4597
2020-06-03,3058
2020-06-04,5119
2020-06-05,2385
2020-06-08,2336
2020-06-09,4243
2020-06-10,5993
2020-06-11,4309
2020-06-12,2335
2020-06-15,2990
2020-06-16,3525
2020-06-17,2235
2020-06-18,3465
2020-06-19,2873
2020-06-22,4343
2020-06-23,3025
2020-06-24,3273
2020-06-25,5796
2020-06-26,2788
2020-06-29,2145
2020-06-30,2238
2020-07-01,42820
2020-07-02,5058
2020-07-03,2274
2020-07-06,2244
2020-07-07,4474
2020-07-08,4083
2020-07-09,4797
2020-07-10,4233
2020-07-13,3610
2020-07-14,5172
2020-07-15,2631
2020-07-16,4278
2020-07-17,1994
2020-07-20,1870
2020-07-21,2016
2020-07-22,4658
2020-07-23,4758
2020-07-24,1795
2020-07-27,2344
2020-07-28,2434
2020-07-29,2226
2020-07-30,5848
2020-07-31,37242
2020-08-03,1374
2020-08-04,2983
2020-08-05,3801
2020-08-06,5666
2020-08-07,2794
2020-08-10,2834
2020-08-11,5087
2020-08-12,4299
2020-08-13,4749
2020-08-14,3768
2020-08-17,2223
2020-08-18,2505
2020-08-19,2493
2020-08-20,4701
2020-08-21,2099
2020-08-24,2889
2020-08-25,2945
2020-08-26,3438
2020-08-27,6033
2020-08-28,3024
2020-08-31,2536
2020-09-01,36351
2020-09-02,3872
2020-09-03,5532
2020-09-04,3271
2020-09-08,4409
2020-09-09,3345
2020-09-10,8816
2020-09-11,4475
2020-09-14,5001
2020-09-15,4687
2020-09-16,4315
2020-09-17,5507
2020-09-18,2550
2020-09-21,3066
2020-09-22,2121
2020-09-23,2666
2020-09-24,4172
2020-09-25,5881
2020-09-28,2988
2020-09-29,2839
2020-09-30,2655
2020-10-01,36814
2020-10-02,2524
2020-10-05,4004
2020-10-06,5149
2020-10-07,2599
2020-10-08,4771
2020-10-09,3182
2020-10-13,5288
2020-10-14,4066
2020-10-15,5683
2020-10-16,2602
2020-10-19,2425
2020-10-20,3160
2020-10-21,3008
2020-10-22,3375
2020-10-23,2615
2020-10-26,2316
2020-10-27,2427
2020-10-28,3403
2020-10-29,6418
2020-10-30,44375
2020-11-02,2114
2020-11-03,2907
2020-11-04,2720
2020-11-05,4234
2020-11-06,3169
2020-11-09,2884
2020-11-10,5903
2020-11-12,5557
2020-11-13,5206
2020-11-16,2955
2020-11-17,4119
2020-11-18,2473
2020-11-19,5446
2020-11-20,2464
2020-11-23,2830
2020-11-24,3241
2020-11-25,4603
2020-11-27,4805
2020-11-30,3726
2020-12-01,33467
2020-12-02,3407
2020-12-03,4032
2020-12-04,2893
2020-12-07,2864
2020-12-08,5658
2020-12-09,3842
2020-12-10,7370
2020-12-11,1585
2020-12-14,1668
2020-12-15,5795
2020-12-16,2431
2020-12-17,4892
2020-12-18,2581
2020-12-21,3477
2020-12-22,4876
2020-12-23,4805
2020-12-24,4225
2020-12-28,2370
2020-12-29,3634
2020-12-30,3786
2020-12-31,4492
2021-01-04,38004
2021-01-05,6078
2021-01-06,4975
2021-01-07,5104
2021-01-08,2201
2021-01-11,1672
2021-01-12,5536
2021-01-13,4142
2021-01-14,3429
2021-01-15,5609
2021-01-19,2310
2021-01-20,3259
2021-01-21,4680
2021-01-22,2421
2021-01-25,2595
2021-01-26,2667
2021-01-27,4179
2021-01-28,6398
2021-01-29,3029
2021-02-01,38742
2021-02-02,2686
2021-02-03,4262
2021-02-04,5022
2021-02-05,2422
2021-02-08,3413
2021-02-09,6115
2021-02-10,5361
2021-02-11,3819
2021-02-12,4633
2021-02-16,3481
2021-02-17,3366
2021-02-18,4861
2021-02-19,3201
2021-02-22,2717
2021-02-23,2902
2021-02-24,3323
2021-02-25,6589
2021-02-26,3207
2021-03-01,36278
2021-03-02,2853
2021-03-03,5364
2021-03-04,4933
2021-03-05,2477
2021-03-08,4120
2021-03-09,5554
2021-03-10,5235
2021-03-11,4979
2021-03-12,2599
2021-03-15,3485
2021-03-16,4288
2021-03-17,3341
2021-03-18,5475
2021-03-19,2214
2021-03-22,2917
2021-03-23,2859
2021-03-24,4892
2021-03-25,4027
2021-03-26,3442
2021-03-29,2102
2021-03-30,2052
2021-03-31,2852
2021-04-01,38200
2021-04-02,5207
2021-04-05,3184
2021-04-06,4979
2021-04-07,3028
2021-04-08,6028
2021-04-09,2479
2021-04-12,4024
2021-04-13,3694
2021-04-14,2459
2021-04-15,5039
2021-04-16,1663
2021-04-19,1800
2021-04-20,3500
2021-04-21,2505
2021-04-22,3864
2021-04-23,2028
2021-04-26,2215
2021-04-27,2663
2021-04-28,3572
2021-04-29,6584
2021-04-30,39650
2021-05-03,1942
2021-05-04,3870
2021-05-05,3527
2021-05-06,5449
2021-05-07,2974
2021-05-10,3023
2021-05-11,5996
2021-05-12,5884
2021-05-13,5260
2021-05-14,2274
2021-05-17,2127
2021-05-18,2964
2021-05-19,2855
2021-05-20,3651
2021-05-21,2189
2021-05-24,2452
2021-05-25,3584
2021-05-26,3708
2021-05-27,7617
2021-05-28,3280
2021-06-01,45135
2021-06-02,3018
2021-06-03,4726
2021-06-04,3358
2021-06-07,3016
2021-06-08,4395
2021-06-09,3352
2021-06-10,9820
2021-06-11,1977
2021-06-14,1867
2021-06-15,3963
2021-06-16,2217
2021-06-17,5022
2021-06-18,2643
2021-06-21,2881
2021-06-22,2082
2021-06-23,5370
2021-06-24,6990
2021-06-25,2721
2021-06-28,2713
2021-06-29,2885
2021-06-30,2160
2021-07-01,46558
2021-07-02,3929
2021-07-06,3501
2021-07-07,3958
2021-07-08,7383
2021-07-09,3219
2021-07-12,4171
2021-07-13,6826
2021-07-14,1787
2021-07-15,6931
2021-07-16,2493
2021-07-19,1941
2021-07-20,2679
2021-07-21,3350
2021-07-22,4840
2021-07-23,2211
2021-07-26,2007
2021-07-27,2682
2021-07-28,2993
2021-07-29,5580
2021-07-30,39091
2021-08-02,1899
2021-08-03,3743
2021-08-04,4115
2021-08-05,5797
2021-08-06,2928
2021-08-09,3091
2021-08-10,5180
2021-08-11,5138
2021-08-12,3800
2021-08-13,3638
2021-08-16,2521
2021-08-17,3313
2021-08-18,2729
2021-08-19,3904
2021-08-20,2351
2021-08-23,2437
2021-08-24,2952
2021-08-25,3157
2021-08-26,5873
2021-08-27,2990
2021-08-30,3483
2021-08-31,2474
2021-09-01,39334
2021-09-02,3927
2021-09-03,4242
2021-09-07,2948
2021-09-08,5572
2021-09-09,8140
2021-09-10,2097
2021-09-13,4419
2021-09-14,4293
2021-09-15,4688
2021-09-16,4889
2021-09-17,2095
2021-09-20,1807
2021-09-21,3397
2021-09-22,2197
2021-09-23,6365
2021-09-24,3250
2021-09-27,5280
2021-09-28,3855
2021-09-29,2965
2021-09-30,3858
2021-10-01,37471
2021-10-04,2745
2021-10-05,7439
2021-10-06,2357
2021-10-07,4043
2021-10-08,3853
2021-10-12,6055
2021-10-13,4440
2021-10-14,5245
2021-10-15,4213
2021-10-18,2470
2021-10-19,2938
2021-10-20,2781
2021-10-21,4076
2021-10-22,1965
2021-10-25,2055
2021-10-26,2613
2021-10-27,3911
2021-10-28,5877
2021-10-29,3404
2021-11-01,40382
2021-11-02,3465
2021-11-03,2956
2021-11-04,5372
2021-11-05,3314
2021-11-08,3288
2021-11-09,4029
2021-11-10,4730
2021-11-12,5866
2021-11-15,4736
2021-11-16,4567
2021-11-17,2420
2021-11-18,4047
2021-11-19,2363
2021-11-22,2807
2021-11-23,4076
2021-11-24,4859
2021-11-26,5501
2021-11-29,5283
2021-11-30,2411
2021-12-01,36455
2021-12-02,3990
2021-12-03,3481
2021-12-06,3220
2021-12-07,4903
2021-12-08,4870
2021-12-09,6160
2021-12-10,2911
2021-12-13,1966
2021-12-14,5207
2021-12-15,3851
2021-12-16,5988
2021-12-17,2136
2021-12-20,2920
2021-12-21,3592
2021-12-22,7230
2021-12-23,5005
2021-12-24,1343
2021-12-27,1786
2021-12-28,3180
2021-12-29,3885
2021-12-30,5592
2021-12-31,927
2022-01-03,50550
2022-01-04,6100
2022-01-05,3114
2022-01-06,4822
2022-01-07,3490
2022-01-10,2455
2022-01-11,3544
2022-01-12,4848
2022-01-13,7670
2022-01-14,4113
2022-01-18,2350
2022-01-19,3759
2022-01-20,4181
2022-01-21,2391
2022-01-24,1967
2022-01-25,3101
2022-01-26,3751
2022-01-27,6709
2022-01-28,3354
2022-01-31,1850
2022-02-01,44062
2022-02-02,4310
2022-02-03,3706
2022-02-04,2696
2022-02-07,2898
2022-02-08,7759
2022-02-09,3184
2022-02-10,7844
2022-02-11,1832
2022-02-14,2251
2022-02-15,6312
2022-02-16,3253
2022-02-17,4876
2022-02-18,2395
2022-02-22,3840
2022-02-23,3741
2022-02-24,6935
2022-02-25,3701
2022-02-28,3107
2022-03-01,42076
2022-03-02,5688
2022-03-03,4648
2022-03-04,2439
2022-03-07,2835
2022-03-08,6983
2022-03-09,3702
2022-03-10,8709
2022-03-11,1917
2022-03-14,2460
2022-03-15,5111
2022-03-16,2462
2022-03-17,4716
2022-03-18,2499
2022-03-21,2880
2022-03-22,4993
2022-03-23,5653
2022-03-24,4798
2022-03-25,3365
2022-03-28,2923
2022-03-29,2984
2022-03-30,3963
2022-03-31,2798
2022-04-01,43649
2022-04-04,5692
2022-04-05,5510
2022-04-06,2199
2022-04-07,4417
2022-04-08,2664
2022-04-11,2020
2022-04-12,8836
2022-04-13,2876
2022-04-14,3774
2022-04-15,3771
2022-04-18,2875
2022-04-19,2377
2022-04-20,3090
2022-04-21,3316
2022-04-22,2160
2022-04-25,2156
2022-04-26,3134
2022-04-27,3549
2022-04-28,3510
2022-04-29,45631
2022-05-02,3678
2022-05-03,3841
2022-05-04,2565
2022-05-05,6134
2022-05-06,2985
2022-05-09,3033
2022-05-10,6005
2022-05-11,8347
2022-05-12,4362
2022-05-13,2502
2022-05-16,2175
2022-05-17,4090
2022-05-18,2390
2022-05-19,3739
2022-05-20,2565
2022-05-23,2429
2022-05-24,3457
2022-05-25,2655
2022-05-26,7160
2022-05-27,3963
2022-05-31,3223
2022-06-01,51715
2022-06-02,4945
2022-06-03,3277
2022-06-06,2932
2022-06-07,6500
2022-06-08,4169
2022-06-09,6639
2022-06-10,5960
2022-06-13,2226
2022-06-14,3180
2022-06-15,2212
2022-06-16,4005
2022-06-17,2401
2022-06-21,3047
2022-06-22,6149
2022-06-23,6844
2022-06-24,3900
2022-06-27,2487
2022-06-28,2470
2022-06-29,2393
2022-06-30,4759
2022-07-01,54258
2022-07-05,5905
2022-07-06,3534
2022-07-07,6290
2022-07-08,3464
2022-07-11,2596
2022-07-12,7515
2022-07-13,6160
2022-07-14,3456
2022-07-15,3602
2022-07-18,2187
2022-07-19,2869
2022-07-20,3463
2022-07-21,4911
2022-07-22,2091
2022-07-25,2105
2022-07-26,3868
2022-07-27,4226
2022-07-28,7002
2022-07-29,3217
2022-08-01,43510
2022-08-02,4310
2022-08-03,4310
2022-08-04,5077
2022-08-05,2571
2022-08-08,3843
2022-08-09,6439
2022-08-10,3230
2022-08-11,7494
2022-08-12,1957
2022-08-15,4408
2022-08-16,3285
2022-08-17,3055
2022-08-18,4320
2022-08-19,2455
2022-08-22,2605
2022-08-23,3453
2022-08-24,3240
2022-08-25,5458
2022-08-26,3014
2022-08-29,2518
2022-08-30,2565
2022-08-31,3484
2022-09-01,46835
2022-09-02,3193
2022-09-06,4388
2022-09-07,6677
2022-09-08,6609
2022-09-09,2699
2022-09-12,2100
2022-09-13,9355
2022-09-14,2991
2022-09-15,6477
2022-09-16,2359
2022-09-19,3072
2022-09-20,2803
2022-09-21,2982
2022-09-22,6424
2022-09-23,2548
2022-09-26,3145
2022-09-27,5193
2022-09-28,3770
2022-09-29,4335
2022-09-30,41026
2022-10-03,1841
2022-10-04,3778
2022-10-05,3489
2022-10-06,6772
2022-10-07,4236
2022-10-11,4048
2022-10-12,6581
2022-10-13,7657
2022-10-14,3887
2022-10-17,2711
2022-10-18,3517
2022-10-19,2306
2022-10-20,3064
2022-10-21,3329
2022-10-24,2820
2022-10-25,3789
2022-10-26,4983
2022-10-27,7118
2022-10-28,4233
2022-10-31,2548
2022-11-01,49088
2022-11-02,2764
2022-11-03,4801
2022-11-04,2526
2022-11-07,4079
2022-11-08,7389
2022-11-09,3978
2022-11-10,4953
2022-11-14,6093
2022-11-15,5970
2022-11-16,4001
2022-11-17,5231
2022-11-18,2576
2022-11-21,2492
2022-11-22,4089
2022-11-23,4900
2022-11-25,5628
2022-11-28,4162
2022-11-29,3029
2022-11-30,3082
2022-12-01,43676
2022-12-02,2543
2022-12-05,3428
2022-12-06,6660
2022-12-07,4008
2022-12-08,7918
2022-12-09,1722
2022-12-12,4146
2022-12-13,6610
2022-12-14,3298
2022-12-15,6418
2022-12-16,2430
2022-12-19,2762
2022-12-20,3642
2022-12-21,3886
2022-12-22,5029
2022-12-23,2558
2022-12-27,3833
2022-12-28,4232
2022-12-29,6473
2022-12-30,4932
2023-01-03,53882
2023-01-04,5538
2023-01-05,7141
2023-01-06,3107
2023-01-09,3153
2023-01-10,6249
2023-01-11,5181
2023-01-12,4299
2023-01-13,3534
2023-01-17,4554
2023-01-18,3813
2023-01-19,4420
2023-01-20,2406
2023-01-23,2549
2023-01-24,3702
2023-01-25,3431
2023-01-26,7187
2023-01-27,3571
2023-01-30,3044
2023-01-31,2651
2023-02-01,49957
2023-02-02,3991
2023-02-03,3716
2023-02-06,3276
2023-02-07,7786
2023-02-08,4021
2023-02-09,5074
2023-02-10,5748
2023-02-13,2960
2023-02-14,4792
2023-02-15,5253
2023-02-16,4658
2023-02-17,2756
2023-02-21,3644
2023-02-22,5399
2023-02-23,4969
2023-02-24,5051
2023-02-27,4863
2023-02-28,3694
2023-03-01,47207
2023-03-02,5913
2023-03-03,4064
2023-03-06,3052
2023-03-07,9276
2023-03-08,3485
2023-03-09,7137
2023-03-10,2071
2023-03-13,6140
2023-03-14,6241
2023-03-15,6043
2023-03-16,5414
2023-03-17,2530
2023-03-20,2664
2023-03-21,3849
2023-03-22,4879
2023-03-23,6293
2023-03-24,3046
2023-03-27,2678
2023-03-28,5377
2023-03-29,4023
2023-03-30,3090
2023-03-31,50457
2023-04-03,2263
2023-04-04,7338
2023-04-05,2697
2023-04-06,6219
2023-04-07,2819
2023-04-10,4222
2023-04-11,6652
2023-04-12,6052
2023-04-13,4000
2023-04-14,4267
2023-04-17,2844
2023-04-18,3122
2023-04-19,2676
2023-04-20,5322
2023-04-21,2891
2023-04-24,2738
2023-04-25,3262
2023-04-26,4865
2023-04-27,6610
2023-04-28,3300
2023-05-01,48716
2023-05-02,3978
2023-05-03,3140
2023-05-04,5335
2023-05-05,2730
2023-05-08,4511
2023-05-09,6935
2023-05-10,6779
2023-05-11,7703
2023-05-12,3306
2023-05-15,4349
2023-05-16,4679
2023-05-17,3801
2023-05-18,5446
2023-05-19,2491
2023-05-22,3105
2023-05-23,3564
2023-05-24,3847
2023-05-25,6244
2023-05-26,5336
2023-05-30,5477
2023-05-31,3376
2023-06-01,60359
2023-06-02,3298
2023-06-05,2822
2023-06-06,7440
2023-06-07,2534
2023-06-08,6268
2023-06-09,2381
2023-06-12,5400
2023-06-13,5262
2023-06-14,2200
2023-06-15,6609
2023-06-16,2700
2023-06-20,4208
2023-06-21,4554
2023-06-22,5029
2023-06-23,3444
2023-06-26,3535
2023-06-27,4312
2023-06-28,4272
2023-06-29,6357
2023-06-30,63053
2023-07-03,2711
2023-07-05,5177
2023-07-06,5998
2023-07-07,4341
2023-07-10,3962
2023-07-11,7846
2023-07-12,2609
2023-07-13,8324
2023-07-14,3813
2023-07-17,2498
2023-07-18,2735
2023-07-19,3516
2023-07-20,4163
2023-07-21,2275
2023-07-24,2540
2023-07-25,3429
2023-07-26,3588
2023-07-27,6778
2023-07-28,4126
2023-07-31,2415
2023-08-01,50856
2023-08-02,3407
2023-08-03,5267
2023-08-04,2786
2023-08-07,3066
2023-08-08,5231
2023-08-09,3585
2023-08-10,6704
2023-08-11,2433
2023-08-14,2716
2023-08-15,5834
2023-08-16,4155
2023-08-17,5818
2023-08-18,2179
2023-08-21,2651
2023-08-22,3409
2023-08-23,3160
2023-08-24,5547
2023-08-25,3314
2023-08-28,2754
2023-08-29,2690
2023-08-30,3978
2023-08-31,4491
2023-09-01,51057
2023-09-05,4457
2023-09-06,5519
2023-09-07,5821
2023-09-08,2769
2023-09-11,3357
2023-09-12,5052
2023-09-13,8369
2023-09-14,4236
2023-09-15,4169
2023-09-18,2180
2023-09-19,5950
2023-09-20,4234
2023-09-21,5580
2023-09-22,2981
2023-09-25,3155
2023-09-26,4312
2023-09-27,4536
2023-09-28,5174
2023-09-29,49207
2023-10-02,1867
2023-10-03,3556
2023-10-04,3929
2023-10-05,4407
2023-10-06,3690
2023-10-10,5328
2023-10-11,6816
2023-10-12,8932
2023-10-13,3860
2023-10-16,2369
2023-10-17,2628
2023-10-18,2119
2023-10-19,3927
2023-10-20,2397
2023-10-23,2615
2023-10-24,3702
2023-10-25,4084
2023-10-26,7578
2023-10-27,4126
2023-10-30,2938
2023-10-31,2948
2023-11-01,56408
2023-11-02,4470
2023-11-03,3687
2023-11-06,3165
2023-11-07,6298
2023-11-08,5099
2023-11-09,4145
2023-11-10,3304
2023-11-13,4094
2023-11-14,3935
2023-11-15,6316
2023-11-16,5771
2023-11-17,2634
2023-11-20,2958
2023-11-21,5651
2023-11-22,4891
2023-11-24,4539
2023-11-27,3237
2023-11-28,3911
2023-11-29,4016
2023-11-30,5418
2023-12-01,46365
2023-12-04,3042
2023-12-05,6296
2023-12-06,4450
2023-12-07,3939
2023-12-08,3348
2023-12-11,2824
2023-12-12,9615
2023-12-13,2753
2023-12-14,6636
2023-12-15,4857
2023-12-18,3195
2023-12-19,3650
2023-12-20,4225
2023-12-21,5325
2023-12-22,2935
2023-12-26,2807
2023-12-27,4419
2023-12-28,8176
2023-12-29,4239
2024-01-02,55011
2024-01-03,3599
2024-01-04,6299
2024-01-05,4640
2024-01-08,3928
2024-01-09,5088
2024-01-10,3102
2024-01-11,5794
2024-01-12,8700
2024-01-16,4111
2024-01-17,4152
2024-01-18,6170
2024-01-19,2710
2024-01-22,2113
2024-01-23,4176
2024-01-24,3149
2024-01-25,7516
2024-01-26,3365
2024-01-29,3876
2024-01-30,3875
2024-01-31,2925
2024-02-01,54521
2024-02-02,3580
2024-02-05,3933
2024-02-06,5332
2024-02-07,2869
2024-02-08,5528
2024-02-09,2651
2024-02-12,4588
2024-02-13,6019
2024-02-14,3098
2024-02-15,7721
2024-02-16,2767
2024-02-20,3746
2024-02-21,4910
2024-02-22,5811
2024-02-23,7175
2024-02-26,3145
2024-02-27,4739
2024-02-28,3905
2024-02-29,6754
2024-03-01,48616
2024-03-04,3174
2024-03-05,5445
2024-03-06,4331
2024-03-07,4093
2024-03-08,5503
2024-03-11,2185
2024-03-12,10740
2024-03-13,3818
2024-03-14,7808
2024-03-15,4604
2024-03-18,3078
2024-03-19,4250
2024-03-20,3607
2024-03-21,6452
2024-03-22,2977
2024-03-25,3035
2024-03-26,2993
2024-03-27,4411
2024-03-28,4554
2024-03-29,3624
2024-04-01,52188
2024-04-02,5089
2024-04-03,3439
2024-04-04,4911
2024-04-05,4558
2024-04-08,4290
2024-04-09,4610
2024-04-10,5611
2024-04-11,6093
2024-04-12,3946
2024-04-15,3723
2024-04-16,4015
2024-04-17,2662
2024-04-18,4456
2024-04-19,2451
2024-04-22,2633
2024-04-23,3781
2024-04-24,3897
2024-04-25,7669
2024-04-26,4457
2024-04-29,3624
2024-04-30,3110
2024-05-01,53555
2024-05-02,3491
2024-05-03,4863
2024-05-06,3465
2024-05-07,8734
2024-05-08,4102
2024-05-09,4353
2024-05-10,6694
2024-05-13,3209
2024-05-14,4227
2024-05-15,5321
2024-05-16,5551
2024-05-17,2680
2024-05-20,2710
2024-05-21,3465
2024-05-22,4123
2024-05-23,5055
2024-05-24,2751
2024-05-28,3437
2024-05-29,4528
2024-05-30,7309
2024-05-31,68278
2024-06-03,2788
2024-06-04,4673
2024-06-05,4541
2024-06-06,5744
2024-06-07,5075
2024-06-10,3117
2024-06-11,7373
2024-06-12,3309
2024-06-13,4556
2024-06-14,7386
2024-06-17,3705
2024-06-18,3232
2024-06-20,6605
2024-06-21,4080
2024-06-24,4105
2024-06-25,3690
2024-06-26,3425
2024-06-27,7930
2024-06-28,3727
2024-07-01,69153
2024-07-02,5297
2024-07-03,5161
2024-07-05,3550
2024-07-08,5287
2024-07-09,6323
2024-07-10,3297
2024-07-11,7587
2024-07-12,2415
2024-07-15,4156
2024-07-16,3316
2024-07-17,4134
2024-07-18,4174
2024-07-19,1898
2024-07-22,2057
2024-07-23,3542
2024-07-24,4248
2024-07-25,7687
2024-07-26,3583
2024-07-29,3018
2024-07-30,2836
2024-07-31,3179
2024-08-01,57237
2024-08-02,3262
2024-08-05,4048
2024-08-06,5428
2024-08-07,2869
2024-08-08,5765
2024-08-09,4287
2024-08-12,4580
2024-08-13,6931
2024-08-14,2855
2024-08-15,7066
2024-08-16,2747
2024-08-19,2542
2024-08-20,4171
2024-08-21,3511
2024-08-22,5296
2024-08-23,2452
2024-08-26,3743
2024-08-27,2834
2024-08-28,4713
2024-08-29,8502
2024-08-30,54358
2024-09-03,3174
2024-09-04,4749
2024-09-05,5798
2024-09-06,7083
2024-09-09,3585
2024-09-10,7630
2024-09-11,4651
2024-09-12,8003
2024-09-13,4493
2024-09-16,1666
2024-09-17,3720
2024-09-18,5040
2024-09-19,5771
2024-09-20,3692
2024-09-23,3581
2024-09-24,4073
2024-09-25,7503
2024-09-26,8112
2024-09-27,3610
2024-09-30,2843
2024-10-01,52295
2024-10-02,3730
2024-10-03,3407
2024-10-04,2441
2024-10-07,4231
2024-10-08,7299
2024-10-09,5908
2024-10-10,10303
2024-10-11,3172
2024-10-15,5205
2024-10-16,3195
2024-10-17,7750
2024-10-18,2743
2024-10-21,2488
2024-10-22,5388
2024-10-23,4697
2024-10-24,6373
2024-10-25,3436
2024-10-28,3420
2024-10-29,3695
2024-10-30,2785
2024-10-31,5039
2024-11-01,53574
2024-11-04,3407
2024-11-05,6001
2024-11-06,4207
2024-11-07,5934
2024-11-08,5880
2024-11-12,2025
2024-11-13,10151
2024-11-14,9600
2024-11-15,4847
2024-11-18,3642
2024-11-19,3859
2024-11-20,4652
2024-11-21,5688
2024-11-22,7069
2024-11-25,3493
2024-11-26,3753
2024-11-27,6354
2024-11-29,57230
2024-12-02,3146
2024-12-03,4957
2024-12-04,5160
2024-12-05,5285
2024-12-06,6080
2024-12-09,3638
2024-12-10,8062
2024-12-11,7697
2024-12-12,6219
2024-12-13,3657
2024-12-16,2162
2024-12-17,4498
2024-12-18,3852
2024-12-19,6372
2024-12-20,2804
2024-12-23,3670
2024-12-24,2168
2024-12-26,8011
2024-12-27,5066
2024-12-30,3588
2024-12-31,3218
2025-01-02,60897
2025-01-03,3867
2025-01-06,4205
2025-01-07,7178
2025-01-08,4209
2025-01-09,3657
2025-01-10,1030
2025-01-13,7784
2025-01-14,5670
2025-01-15,5234
2025-01-16,3940
2025-01-17,2656
2025-01-21,3223
2025-01-22,4624
2025-01-23,7037
2025-01-24,2929
2025-01-27,2013
2025-01-28,2947
2025-01-29,4828
2025-01-30,6193
2025-01-31,60063
2025-02-03,4067
2025-02-04,4808
2025-02-05,3813
2025-02-06,5532
2025-02-07,4957
2025-02-10,3157
2025-02-11,7799
2025-02-12,4465
2025-02-13,5682
2025-02-14,4599
2025-02-18,3574
2025-02-19,5535
2025-02-20,6999
2025-02-21,3103
2025-02-24,3404
2025-02-25,4414
2025-02-26,5054
2025-02-27,8612
2025-02-28,56738
2025-03-03,2489
2025-03-04,5232
2025-03-05,6570
2025-03-06,4687
2025-03-07,9576
2025-03-10,3620
2025-03-11,2175
2025-03-12,13987
2025-03-13,5717
2025-03-14,3827
2025-03-17,2737
2025-03-18,3573
2025-03-19,3554
2025-03-20,5252
2025-03-21,3664
2025-03-24,3044
2025-03-25,3497
2025-03-26,4218
2025-03-27,6548
2025-03-28,3676
2025-03-31,2694
2025-04-01,58731
2025-04-02,4620
2025-04-03,4513
2025-04-04,3023
2025-04-07,3288
2025-04-08,5223
2025-04-09,7092
2025-04-10,4599
2025-04-11,8002
2025-04-14,3146
2025-04-15,5944
2025-04-16,3430
2025-04-17,4247
2025-04-18,2928
2025-04-21,2437
2025-04-22,7188
2025-04-23,5272
2025-04-24,6892
2025-04-25,3477
2025-04-28,3769
2025-04-29,3607
2025-04-30,6372
2025-05-01,61172
2025-05-02,3151
2025-05-05,3708
2025-05-06,6854
2025-05-07,3582
2025-05-08,5055
2025-05-09,3914
2025-05-12,5320
2025-05-13,7029
2025-05-14,2792
2025-05-15,7263
2025-05-16,2338
2025-05-19,2714
2025-05-20,4579
2025-05-21,4872
2025-05-22,5812
2025-05-23,3209
2025-05-27,4261
2025-05-28,9173
2025-05-29,8929
2025-05-30,69524
2025-06-02,3007
2025-06-03,5053
2025-06-04,3196
2025-06-05,5151
2025-06-06,5421
2025-06-09,3117
2025-06-10,6721
2025-06-11,6116
2025-06-12,7086
2025-06-13,4963
2025-06-16,3036
2025-06-17,4159
2025-06-18,7079
2025-06-20,4915
2025-06-23,3472
2025-06-24,4891
2025-06-25,6107
2025-06-26,7077
2025-06-27,3513
2025-06-30,2895
2025-07-01,76995
2025-07-02,4231
2025-07-03,7317
2025-07-07,3709
2025-07-08,9268
2025-07-09,5289
2025-07-10,5615
2025-07-11,6971
2025-07-14,2417
2025-07-15,6231
2025-07-16,5425
2025-07-17,7607
2025-07-18,2881
2025-07-21,2247
2025-07-22,3167
2025-07-23,6259
2025-07-24,6369
2025-07-25,3505
2025-07-28,2399
2025-07-29,3256
2025-07-30,3417
2025-07-31,6716
2025-08-01,60949
2025-08-04,3356
2025-08-05,6303
2025-08-06,4075
2025-08-07,4859
2025-08-08,5285
2025-08-11,3225
2025-08-12,9308
2025-08-13,3980
2025-08-14,5232
2025-08-15,4593
2025-08-18,2569
2025-08-19,3196
2025-08-20,3983
2025-08-21,6125
2025-08-22,2682
2025-08-25,4473
2025-08-26,3846
2025-08-27,7034
2025-08-28,6984
2025-08-29,61772
2025-09-02,3576
2025-09-03,4788
2025-09-04,6976
2025-09-05,5704
2025-09-08,3858
2025-09-09,8859
2025-09-10,5523
2025-09-11,8364
2025-09-12,2845
2025-09-15,4294
2025-09-16,4704
2025-09-17,3963
2025-09-18,6157
2025-09-19,3026
2025-09-22,3927
2025-09-23,8950
2025-09-24,6216
2025-09-25,6911
2025-09-26,6706
2025-09-29,3072
2025-09-30,3032
2025-10-01,51700
2025-10-02,5202
2025-10-03,3411
2025-10-06,3551
2025-10-07,8645
2025-10-08,5004
2025-10-09,8148
2025-10-10,5051
2025-10-14,4484
2025-10-15,6082
2025-10-16,5945
2025-10-17,3058
2025-10-20,2428
2025-10-21,3914
2025-10-22,4808
2025-10-23,5278
2025-10-24,3547
2025-10-27,2363
2025-10-28,3361
2025-10-29,5834
2025-10-30,5371
2025-10-31,77472
2025-11-03,2278
2025-11-04,6596
2025-11-05,5280
2025-11-06,6901
2025-11-07,5396
2025-11-10,4407
2025-11-12,7681
2025-11-13,9767
2025-11-14,5170
2025-11-17,5755
2025-11-18,4507
2025-11-19,5663
2025-11-20,5161
2025-11-21,4306
2025-11-24,3332
2025-11-25,3668
2025-11-26,9033
2025-11-28,3660
2025-12-01,50147
2025-12-02,4760
2025-12-03,6641
2025-12-04,5175
2025-12-05,4097
2025-12-08,4469
2025-12-09,9826
2025-12-10,7085
2025-12-11,9009
2025-12-12,4334
2025-12-15,4932
2025-12-16,4868
2025-12-17,5973
2025-12-18,5457
2025-12-19,3076
2025-12-22,4259
2025-12-23,5437
2025-12-24,3727
2025-12-26,738
2025-12-29,3888
2025-12-30,6754
2025-12-31,7910
2026-01-02,66702
2026-01-05,3717
2026-01-06,7132
2026-01-07,3695
2026-01-08,5951
2026-01-09,4749
2026-01-12,3212
2026-01-13,9316
2026-01-14,4573
2026-01-15,7272
2026-01-16,2340
2026-01-20,3658
2026-01-21,4401
2026-01-22,5880
2026-01-23,3134
2026-01-26,2504
2026-01-27,3277
2026-01-28,5571
2026-01-29,6840
2026-01-30,67775
2026-02-02,2820
2026-02-03,3975
2026-02-04,4738
2026-02-05,5783
2026-02-06,6305
2026-02-09,4325
2026-02-10,7408
2026-02-11,6912
2026-02-12,5738
2026-02-13,5566
2026-02-17,3905
2026-02-18,4898
2026-02-19,6415
2026-02-20,3404
2026-02-23,4021
2026-02-24,4226
2026-02-25,5516
2026-02-26,9295
2026-02-27,57846
2026-03-02,2935
2026-03-03,4303
2026-03-04,5523
2026-03-05,9063
2026-03-06,8503
2026-03-09,3437
2026-03-10,8913
2026-03-11,7452
2026-03-12,5914
2026-03-13,6805
2026-03-16,3716
2026-03-17,5161
2026-03-18,4395
2026-03-19,5667
2026-03-20,2975
2026-03-23,3480
2026-03-24,5049
2026-03-25,4286
2026-03-26,7591
2026-03-27,2770
2026-03-30,2849
2026-03-31,2615
2026-04-01,65253
2026-04-02,6969
2026-04-03,4250
2026-04-06,3208
2026-04-07,7083
2026-04-08,5923
2026-04-09,3840
2026-04-10,6773
2026-04-13,3293
2026-04-14,5018
2026-04-15,5883
2026-04-16,5677
2026-04-17,3055
2026-04-20,2183
2026-04-21,5728
2026-04-22,4698
2026-04-23,5369
2026-04-24,3232
2026-04-27,3071
2026-04-28,3483
2026-04-29,4327
2026-04-30,5901
2026-05-01,64769
2026-05-04,4058
2026-05-05,6699
2026-05-06,3626
2026-05-07,6497
2026-05-08,7032
2026-05-11,3727
2026-05-12,11354
2026-05-13,3778
2026-05-14,6103
2026-05-15,5229
2026-05-18,4175
2026-05-19,4778
2026-05-20,4957
2026-05-21,5989
2026-05-22,3140
2026-05-26,5002
2026-05-27,5102
2026-05-28,9760
2026-05-29,2924
2026-06-01,81358
2026-06-02,6302
2026-06-03,4565
2026-06-04,5726
2026-06-05,5712
2026-06-08,3444
2026-06-09,7757
2026-06-10,7438
2026-06-11,7516
2026-06-12,6205
2026-06-15,5345
2026-06-16,4742
2026-06-17,5457
2026-06-18,6410
2026-06-22,4463
2026-06-23,9246
2026-06-24,7511
2026-06-25,4906
2026-06-26,3583
2026-06-29,2966
2026-06-30,2454
2026-07-01,85210
2026-07-02,7339
2026-07-03,2886
2026-07-06,2130
2026-07-07,8196
2026-07-08,7122
2026-07-09,4496
2026-07-10,5843
2026-07-13,3318
2026-07-14,5540
2026-07-15,7085
2026-07-16,4406
2026-07-17,2303
2026-07-20,2280
2026-07-21,4458
2026-07-22,4240
2026-07-23,5393
2026-07-24,2969
2026-07-27,2942
2026-07-28,3272
2026-07-29,4671
2026-07-30,6555
2026-07-31,69568
2026-08-03,2925
2026-08-04,5570
2026-08-05,4355
2026-08-06,5659
2026-08-07,6151
2026-08-10,4280
2026-08-11,6900
2026-08-12,7633
2026-08-13,6302
2026-08-14,4695
2026-08-17,3062
2026-08-18,4346
2026-08-19,3700
2026-08-20,6409
2026-08-21,2743
2026-08-24,3160
2026-08-25,3676
2026-08-26,4708
2026-08-27,8548
2026-08-28,3394
2026-08-31,3151
2026-09-01,72701
2026-09-02,3349
2026-09-03,8074
2026-09-04,6952
2026-09-08,7556
2026-09-09,7812
2026-09-10,7932
2026-09-11,7499
2026-09-14,2679
2026-09-15,7643
2026-09-16,4489
